--- About the graph ---
Total of vertices (all kinds): 297
Hypothetic vertices: 49 / 297 (16.498316%)
Subnet vertices: 142 / 297 (47.811448%)
Known subnet vertices: 93 / 142 (65.492958%)

--- Subnet mappings ---
S1 = 216.52.95.0/26
S2 = 64.74.240.208/28
S3 = 64.94.190.232/30
S4 = 74.201.208.56/30
S5 = 74.201.252.4/30
S6 = 74.201.254.240/30
S7 = 74.217.160.0/26
S8 = 216.52.93.92/30
S9 = 74.201.138.0/30
S10 = 64.74.242.92/30
S11 = 75.98.62.224/30
S12 = 74.201.252.0/30
S13 = 74.201.138.80/30
S14 = 64.74.242.108/30
S15 = 70.42.41.24/30
S16 = 70.42.45.120/30
S17 = 74.201.248.64/27
S18 = 74.201.254.48/29
S19 = 74.201.254.108/30
S20 = 74.217.49.168/30
S21 = 74.217.49.176/30
S22 = 74.217.49.224/29
S23 = 74.217.50.24/30
S24 = 74.201.152.96/30
S25 = 74.201.254.84/30
S26 = 74.217.51.24/30
S27 = 75.98.40.40/29
S28 = 64.74.254.16/30
S29 = 64.74.254.32/30
S30 = 64.74.254.36/30
S31 = 74.201.129.180/30
S32 = 74.201.129.248/30
S33 = 64.95.47.84/30
S34 = 74.201.132.0/30
S35 = 74.201.253.52/30
S36 = 216.52.93.228/30
S37 = 70.42.39.144/29
S38 = 63.251.20.240/28
S39 = 64.74.245.12/30
S40 = 74.201.131.192/31
S41 = 74.201.138.16/30
S42 = 74.201.150.224/29
S43 = 75.98.56.0/26
S44 = 104.153.107.128/25
S45 = 74.201.136.8/30
S46 = 64.74.240.192/30
S47 = 74.201.136.16/30
S48 = 64.94.172.120/30
S49 = 74.201.136.64/30
S50 = 74.201.181.232/30
S51 = 64.74.240.224/30
S52 = 64.74.245.240/29
S53 = 64.94.177.0/30
S54 = 64.94.177.16/30
S55 = 64.95.46.176/30
S56 = 64.95.46.180/30
S57 = 70.42.41.248/29
S58 = 70.42.45.20/30
S59 = 74.201.139.204/30
S60 = 74.201.179.40/30
S61 = 74.201.195.88/30
S62 = 74.201.198.16/30
S63 = 74.217.50.16/29
S64 = 64.94.185.0/25
S65 = 74.201.136.92/30
S66 = 74.201.136.200/30
S67 = 74.201.164.144/30
S68 = 74.201.254.252/30
S69 = 74.217.54.96/29
S70 = 64.74.245.60/30
S71 = 64.74.244.36/30
S72 = 74.201.137.64/30
S73 = 70.42.74.248/29
S74 = 74.201.138.20/30
S75 = 162.248.95.192/26
S76 = 74.201.136.12/30
S77 = 74.201.136.20/30
S78 = 64.74.240.240/30
S79 = 63.251.17.48/30
S80 = 64.74.240.232/30
S81 = 64.94.177.8/30
S82 = 74.201.132.196/30
S83 = 74.217.51.8/29
S84 = 70.42.47.32/30
S85 = 74.201.138.84/30
S86 = 74.217.49.236/30
S87 = 75.98.62.228/30
S88 = 74.201.138.4/30
S89 = 74.201.254.96/29
S90 = 75.98.32.8/31
S91 = 75.98.33.40/30
S92 = 75.98.32.10/31
S93 = 64.94.189.192/26

--- Top (neighborhood) degrees ---
Degree 1: 96 neighborhoods
Degree 2: 76 neighborhoods
Degree 3: 24 neighborhoods
Degree 4: 22 neighborhoods
Degree 5: N103, N130, N202, N235, N239, N245, N264
Degree 6: N132, N140, N18, N263
Degree 7: N146, N196, N229
Degree 8: N159, N211, N232, N254, N5
Degree 9: N260
Degree 10: N129, N152
Degree 12: N253, N258
Degree 13: N161
Degree 18: N230, N256
Degree 19: N190
Degree 20: N189
Degree 24: N242
Degree 27: N223
Degree 32: N145
Degree 37: N117
Degree 40: N166
Degree 42: N259
Degree 43: N238, N261
Degree 49: N200, N219
Degree 57: N119
Degree 61: N183
Degree 64: N128, N174
Degree 70: N212
Degree 106: N23
Degree 126: N214
Degree 131: N213
Degree 211: N222
Degree 214: N175
Degree 223: N220
Degree 228: N182

--- Bottom (subnet) degrees ---
Degree 1: 2309 subnets
Degree 2: 79 subnets
Degree 3: 13 subnets
Degree 6: 216.52.95.0/26 (sound)

--- Base cycles ---
N117, S1, N119, S7
N117, S2, N119, S7
N119, S1, N238, S89, N242, S17, N128, S9
N174, S1, N219, S77, N230, S64, N200, S47
N174, S38, N222, S75, N219, S77, N230, S64, N200, S47
N174, S44, N219, S77, N230, S64, N200, S47
N174, S45, N183, S56, N223, S76, N219, S77, N230, S64, N200, S47
N182, S44, N219, S73
N219, S73, N220, S75
N238, S88, N242, S89
N252, S90 (B), N254, S91
