--- About the graph ---
Total of vertices (all kinds): 347
Hypothetic vertices: 77 / 347 (22.190202%)
Subnet vertices: 165 / 347 (47.550432%)
Known subnet vertices: 88 / 165 (53.333333%)

--- Subnet mappings ---
S1 = 74.201.136.64/30
S2 = 74.201.137.64/30
S3 = 216.52.95.0/25
S4 = 64.74.240.208/29
S5 = 64.94.190.232/30
S6 = 74.201.208.56/30
S7 = 74.201.254.240/30
S8 = 74.217.160.0/26
S9 = 216.52.93.92/30
S10 = 75.98.40.168/30
S11 = 74.201.138.0/30
S12 = 64.74.242.92/30
S13 = 75.98.62.224/30
S14 = 74.201.252.0/26
S15 = 64.94.177.68/30
S16 = 74.201.138.80/30
S17 = 64.74.242.108/30
S18 = 70.42.41.24/30
S19 = 70.42.45.120/30
S20 = 74.201.152.112/29
S21 = 74.201.248.64/27
S22 = 74.201.254.48/29
S23 = 74.201.254.108/30
S24 = 74.217.49.168/30
S25 = 74.217.49.176/30
S26 = 74.217.49.224/29
S27 = 74.217.50.24/30
S28 = 74.201.152.96/30
S29 = 74.201.254.84/30
S30 = 74.201.254.80/30
S31 = 74.217.51.24/30
S32 = 75.98.40.40/30
S33 = 64.74.254.16/30
S34 = 64.74.254.32/27
S35 = 64.74.252.0/23
S36 = 74.201.129.180/30
S37 = 74.201.129.248/30
S38 = 64.94.177.196/30
S39 = 74.201.253.52/30
S40 = 70.42.39.148/30
S41 = 63.251.20.248/29
S42 = 64.74.245.12/30
S43 = 74.201.131.192/30
S44 = 74.201.138.16/30
S45 = 74.201.150.224/28
S46 = 75.98.56.0/26
S47 = 104.153.107.128/25
S48 = 74.201.136.8/30
S49 = 64.74.240.192/30
S50 = 74.201.136.16/30
S51 = 64.94.172.120/30
S52 = 64.74.240.224/30
S53 = 64.74.245.244/30
S54 = 64.94.177.0/30
S55 = 64.94.177.16/30
S56 = 64.95.46.176/30
S57 = 64.95.46.180/30
S58 = 70.42.41.248/29
S59 = 70.42.45.20/30
S60 = 74.201.139.204/30
S61 = 74.201.179.40/30
S62 = 74.201.195.88/30
S63 = 74.201.198.16/30
S64 = 74.217.50.16/29
S65 = 74.201.136.92/30
S66 = 74.201.136.200/30
S67 = 74.201.164.144/30
S68 = 74.201.254.252/30
S69 = 74.217.54.96/29
S70 = 64.94.185.0/25
S71 = 64.74.242.96/30
S72 = 64.74.245.60/30
S73 = 64.74.244.36/30
S74 = 70.42.74.248/29
S75 = 162.248.95.240/28
S76 = 74.201.136.12/30
S77 = 74.201.136.20/30
S78 = 64.74.240.240/30
S79 = 63.251.17.48/30
S80 = 64.74.240.232/30
S81 = 64.94.177.8/30
S82 = 74.217.51.8/29
S83 = 70.42.47.32/30
S84 = 74.201.138.84/30
S85 = 75.98.62.228/30
S86 = 74.217.49.236/30
S87 = 74.201.138.4/30
S88 = 64.94.189.192/26

--- Top (neighborhood) degrees ---
Degree 1: 81 neighborhoods
Degree 2: 95 neighborhoods
Degree 3: 26 neighborhoods
Degree 4: 14 neighborhoods
Degree 5: 11 neighborhoods
Degree 6: N102, N134, N153, N162, N169, N235, N252, N265
Degree 7: N12, N3
Degree 8: N129, N132, N148, N187, N270
Degree 9: N152, N190
Degree 10: N179, N186
Degree 13: N125
Degree 14: N88
Degree 15: N123, N151
Degree 16: N268
Degree 17: N128, N150, N266
Degree 18: N253, N267
Degree 21: N226, N246, N84
Degree 23: N227
Degree 24: N131
Degree 25: N261, N277
Degree 37: N126
Degree 42: N124
Degree 44: N168, N238, N272
Degree 45: N167
Degree 53: N256
Degree 55: N218
Degree 59: N198
Degree 60: N138
Degree 62: N139
Degree 64: N149
Degree 69: N118
Degree 81: N208
Degree 111: N120, N24
Degree 117: N119
Degree 161: N257
Degree 175: N258
Degree 179: N217
Degree 193: N210

--- Bottom (subnet) degrees ---
Degree 1: 2368 subnets
Degree 2: 63 subnets
Degree 3: 24 subnets
Degree 6: 216.52.95.0/25 (sound)

--- Base cycles ---
N138, S3, N139, S8
N138, S3, N256, S78
N138, S4, N139, S8
N138, S5, N139, S8
N138, S6, N139, S8
N138, S76, N256, S78
N138, S8, N139, S14
N139, S11, N149, S28
N139, S18, N149, S28
N139, S24, N149, S28
N139, S3, N272, S87, N277, S21, N149, S28
N208, S3, N256, S75
N208, S41, N256, S75
N208, S47, N256, S75
N208, S48, N218, S57, N256, S75
N208, S50, N238, S71, N268, S77, N256, S75
N208, S66, N238, S71, N268, S77, N256, S75
N208, S68, N238, S71, N268, S77, N256, S75
N208, S74, N256, S75
N238, S70, N268, S71
N256, S76, N261, S79
