--- About the graph ---
Total of vertices (all kinds): 278
Hypothetic vertices: 44 / 278 (15.827338%)
Subnet vertices: 132 / 278 (47.482014%)
Known subnet vertices: 88 / 132 (66.666667%)

--- Subnet mappings ---
S1 = 74.201.136.64/30
S2 = 74.201.137.64/30
S3 = 216.52.95.0/24
S4 = 64.74.240.208/29
S5 = 64.94.190.232/30
S6 = 74.201.208.56/30
S7 = 74.201.252.4/30
S8 = 74.201.254.240/30
S9 = 74.217.160.0/26
S10 = 216.52.93.92/30
S11 = 74.201.138.0/30
S12 = 64.74.242.92/30
S13 = 75.98.62.224/30
S14 = 74.201.252.0/30
S15 = 74.201.138.80/30
S16 = 64.74.242.108/30
S17 = 70.42.41.24/30
S18 = 70.42.45.120/30
S19 = 74.201.248.64/27
S20 = 74.201.254.48/29
S21 = 74.201.254.108/30
S22 = 74.217.49.168/30
S23 = 74.217.49.176/30
S24 = 74.217.49.224/29
S25 = 74.217.50.24/30
S26 = 74.201.152.96/30
S27 = 74.201.254.84/30
S28 = 74.201.254.80/30
S29 = 74.217.51.24/30
S30 = 75.98.40.40/29
S31 = 64.74.254.16/30
S32 = 64.74.254.32/30
S33 = 64.74.254.36/30
S34 = 74.201.129.180/30
S35 = 74.201.129.248/30
S36 = 64.94.177.196/30
S37 = 74.201.253.52/30
S38 = 70.42.39.148/30
S39 = 63.251.20.240/28
S40 = 64.74.245.12/30
S41 = 74.201.131.192/30
S42 = 74.201.138.16/30
S43 = 74.201.150.224/30
S44 = 75.98.56.0/26
S45 = 104.153.107.128/25
S46 = 74.201.136.8/30
S47 = 64.74.240.192/30
S48 = 74.201.136.16/30
S49 = 64.94.172.120/30
S50 = 74.201.181.232/30
S51 = 64.74.240.224/30
S52 = 64.74.245.240/29
S53 = 64.94.177.0/30
S54 = 64.94.177.16/30
S55 = 64.95.46.176/30
S56 = 64.95.46.180/30
S57 = 70.42.41.248/29
S58 = 70.42.45.20/30
S59 = 74.201.139.204/30
S60 = 74.201.179.40/30
S61 = 74.201.195.88/30
S62 = 74.201.198.16/30
S63 = 74.217.50.16/29
S64 = 64.94.185.0/25
S65 = 74.201.136.92/30
S66 = 74.201.136.200/30
S67 = 74.201.164.144/30
S68 = 74.201.254.252/30
S69 = 74.217.54.96/29
S70 = 64.74.245.60/30
S71 = 64.74.244.36/30
S72 = 70.42.74.248/29
S73 = 74.201.138.20/30
S74 = 162.248.95.240/28
S75 = 74.201.136.12/30
S76 = 74.201.136.20/30
S77 = 64.74.240.240/30
S78 = 63.251.17.48/30
S79 = 64.74.240.232/30
S80 = 64.94.177.8/30
S81 = 74.201.132.196/30
S82 = 74.217.51.8/29
S83 = 70.42.47.32/30
S84 = 74.201.138.84/30
S85 = 74.217.49.236/30
S86 = 75.98.62.228/30
S87 = 74.201.138.4/30
S88 = 64.94.189.192/26

--- Top (neighborhood) degrees ---
Degree 1: 98 neighborhoods
Degree 2: 70 neighborhoods
Degree 3: 23 neighborhoods
Degree 4: 21 neighborhoods
Degree 5: N10, N141, N188, N224, N252
Degree 6: N140, N155, N163
Degree 7: N138, N169, N218, N246, N5
Degree 8: N18, N184, N233, N249
Degree 10: N153, N177
Degree 12: N136
Degree 13: N131, N186
Degree 15: N133
Degree 19: N137, N247
Degree 23: N255
Degree 24: N212
Degree 25: N211
Degree 27: N142, N240
Degree 32: N168
Degree 38: N134
Degree 40: N126
Degree 42: N236
Degree 43: N251
Degree 47: N132
Degree 48: N222
Degree 57: N191
Degree 59: N143
Degree 60: N197, N205
Degree 65: N152
Degree 105: N23
Degree 134: N127
Degree 159: N128
Degree 192: N237
Degree 210: N198
Degree 212: N204
Degree 215: N239

--- Bottom (subnet) degrees ---
Degree 1: 2280 subnets
Degree 2: 79 subnets
Degree 3: 74.201.136.64/30 (sound), 74.201.248.64/27, 63.251.20.240/28, 64.74.240.208/29, 64.95.46.180/30 (sound), 64.94.185.0/25, 70.42.74.248/29 (sound), 74.217.160.0/26
Degree 6: 216.52.95.0/24 (sound)

--- Base cycles ---
N142, S3, N143, S4
N142, S3, N143, S9
N143, S3, N251, S87, N255, S19, N152, S11
N197, S3, N236, S72, N237, S39
N197, S3, N236, S75, N240, S56, N205, S46
N197, S3, N236, S76, N247, S64, N222, S48
N236, S72, N239, S74
