--- About the graph ---
Total of vertices (all kinds): 285
Hypothetic vertices: 46 / 285 (16.140351%)
Subnet vertices: 135 / 285 (47.368421%)
Known subnet vertices: 89 / 135 (65.925926%)

--- Subnet mappings ---
S1 = 64.94.189.192/26
S2 = 74.201.136.64/30
S3 = 74.201.137.64/30
S4 = 216.52.95.0/24
S5 = 64.74.240.208/28
S6 = 64.94.190.232/30
S7 = 74.201.208.56/30
S8 = 74.201.254.240/30
S9 = 74.217.160.0/26
S10 = 216.52.93.92/30
S11 = 74.201.138.0/30
S12 = 64.74.242.92/30
S13 = 75.98.62.224/30
S14 = 74.201.252.0/30
S15 = 64.94.177.68/30
S16 = 74.201.138.80/30
S17 = 64.74.242.108/30
S18 = 70.42.41.24/30
S19 = 70.42.45.120/30
S20 = 74.201.248.64/27
S21 = 74.201.254.48/29
S22 = 74.201.254.108/30
S23 = 74.217.49.168/30
S24 = 74.217.49.176/30
S25 = 74.217.49.224/29
S26 = 74.217.50.24/30
S27 = 74.201.152.96/30
S28 = 74.201.254.84/30
S29 = 74.217.51.24/30
S30 = 75.98.40.40/29
S31 = 64.74.254.16/30
S32 = 64.74.254.32/30
S33 = 64.74.254.36/30
S34 = 64.74.252.0/24
S35 = 74.201.129.180/30
S36 = 74.201.129.248/30
S37 = 64.94.177.196/30
S38 = 74.201.252.196/30
S39 = 74.201.253.52/30
S40 = 70.42.39.144/29
S41 = 63.251.20.240/28
S42 = 63.251.27.48/30
S43 = 64.74.245.12/30
S44 = 74.201.131.192/31
S45 = 74.201.138.16/30
S46 = 74.201.150.224/30
S47 = 75.98.56.0/26
S48 = 104.153.107.128/25
S49 = 74.201.136.8/30
S50 = 64.74.240.192/30
S51 = 74.201.136.16/30
S52 = 64.94.172.120/30
S53 = 64.74.240.224/30
S54 = 64.74.245.240/29
S55 = 64.94.177.0/30
S56 = 64.94.177.16/30
S57 = 64.95.46.176/30
S58 = 64.95.46.180/30
S59 = 70.42.41.248/29
S60 = 70.42.45.20/30
S61 = 74.201.139.204/30
S62 = 74.201.179.40/30
S63 = 74.201.195.88/30
S64 = 74.201.198.16/30
S65 = 74.217.50.16/29
S66 = 64.94.185.0/25
S67 = 74.201.136.92/30
S68 = 74.201.136.200/30
S69 = 74.201.164.144/30
S70 = 74.201.254.252/30
S71 = 74.217.54.96/29
S72 = 64.74.245.60/30
S73 = 64.74.244.36/30
S74 = 70.42.74.252/30
S75 = 74.201.138.20/30
S76 = 162.248.95.248/29
S77 = 74.201.136.12/30
S78 = 74.201.136.20/30
S79 = 64.74.240.240/30
S80 = 63.251.17.48/30
S81 = 64.74.240.232/30
S82 = 64.94.177.8/30
S83 = 74.201.132.196/30
S84 = 74.217.51.8/29
S85 = 70.42.47.32/30
S86 = 74.201.138.84/30
S87 = 74.217.49.236/30
S88 = 75.98.62.228/30
S89 = 74.201.138.4/30

--- Top (neighborhood) degrees ---
Degree 1: 101 neighborhoods
Degree 2: 77 neighborhoods
Degree 3: 21 neighborhoods
Degree 4: 24 neighborhoods
Degree 5: N14, N153, N168, N202, N241
Degree 6: N152, N169, N177, N2
Degree 7: N150, N183, N235, N261
Degree 8: N264
Degree 9: N196, N250
Degree 10: N166, N189
Degree 12: N148
Degree 13: N198
Degree 17: N144
Degree 18: N142, N229, N262
Degree 19: N149
Degree 21: N228
Degree 23: N270
Degree 28: N255
Degree 31: N156
Degree 32: N182
Degree 39: N143
Degree 42: N205, N266
Degree 45: N145
Degree 46: N251
Degree 52: N239
Degree 58: N222
Degree 60: N157
Degree 65: N165, N212
Degree 68: N137
Degree 106: N25
Degree 130: N139
Degree 133: N138
Degree 175: N252
Degree 178: N213
Degree 182: N221
Degree 184: N254

--- Bottom (subnet) degrees ---
Degree 1: 2175 subnets
Degree 2: 80 subnets
Degree 3: 74.201.136.64/30 (sound), 74.201.248.64/27, 63.251.20.240/28, 64.74.240.208/28, 64.95.46.180/30 (sound), 64.94.185.0/25, 70.42.74.252/30, 74.217.160.0/26
Degree 6: 216.52.95.0/24

--- Base cycles ---
N156, S4, N157, S5
N156, S4, N157, S9
N157, S4, N266, S89, N270, S20, N165, S11
N212, S4, N251, S74
N212, S41, N254, S76, N251, S74
N212, S49, N222, S58, N255, S77, N251, S74
N212, S51, N239, S66, N262, S78, N251, S74
