--- About the graph ---
Total of vertices (all kinds): 277
Hypothetic vertices: 50 / 277 (18.050542%)
Subnet vertices: 132 / 277 (47.653430%)
Known subnet vertices: 82 / 132 (62.121212%)

--- Subnet mappings ---
S1 = 64.94.189.128/25
S2 = 74.201.136.64/30
S3 = 216.52.95.0/26
S4 = 64.74.245.12/30
S5 = 74.201.131.192/31
S6 = 74.201.138.16/30
S7 = 74.201.150.224/29
S8 = 162.248.95.240/28
S9 = 74.201.136.16/30
S10 = 64.74.240.192/29
S11 = 74.201.136.8/30
S12 = 74.201.164.148/30
S13 = 64.74.243.196/30
S14 = 74.201.136.92/30
S15 = 74.201.136.200/30
S16 = 74.201.254.252/30
S17 = 74.217.54.96/29
S18 = 64.74.240.224/30
S19 = 64.74.245.244/30
S20 = 64.94.177.0/30
S21 = 64.94.177.16/30
S22 = 64.95.46.176/30
S23 = 64.95.46.180/30
S24 = 70.42.41.248/29
S25 = 70.42.45.20/30
S26 = 74.201.138.72/29
S27 = 74.201.139.204/30
S28 = 74.201.164.8/30
S29 = 74.201.179.40/30
S30 = 74.201.195.88/30
S31 = 74.201.198.16/30
S32 = 74.201.254.48/30
S33 = 74.217.50.16/29
S34 = 74.217.55.160/30
S35 = 74.201.137.64/30
S36 = 64.74.240.208/29
S37 = 64.94.190.232/30
S38 = 74.201.254.64/28
S39 = 74.201.254.240/30
S40 = 216.52.93.92/30
S41 = 74.201.138.0/30
S42 = 75.98.62.224/30
S43 = 74.201.138.80/30
S44 = 74.201.254.224/30
S45 = 64.94.177.68/30
S46 = 64.74.242.92/30
S47 = 64.74.242.108/30
S48 = 70.42.41.24/30
S49 = 70.42.45.120/30
S50 = 74.201.254.108/30
S51 = 74.217.49.132/30
S52 = 74.217.49.168/30
S53 = 74.217.49.176/30
S54 = 74.217.50.24/30
S55 = 74.201.152.96/30
S56 = 74.201.254.84/30
S57 = 74.201.254.80/30
S58 = 74.217.51.24/30
S59 = 75.98.40.40/29
S60 = 74.201.129.180/30
S61 = 74.201.129.248/30
S62 = 64.74.252.192/26
S63 = 64.74.254.68/30
S64 = 216.52.93.228/30
S65 = 70.42.39.144/29
S66 = 74.201.138.20/30
S67 = 104.153.107.0/24
S68 = 74.201.136.20/30
S69 = 74.201.136.12/30
S70 = 70.42.47.32/30
S71 = 63.251.17.48/30
S72 = 64.74.240.232/30
S73 = 64.94.177.8/30
S74 = 74.201.164.152/30
S75 = 74.217.51.8/29
S76 = 74.201.138.84/30
S77 = 74.217.49.236/30
S78 = 75.98.62.228/30
S79 = 216.52.90.0/23
S80 = 74.201.138.4/30
S81 = 74.201.136.72/30
S82 = 74.201.254.96/29

--- Top (neighborhood) degrees ---
Degree 1: 121 neighborhoods
Degree 2: 65 neighborhoods
Degree 3: 19 neighborhoods
Degree 4: 17 neighborhoods
Degree 5: N174, N202, N239
Degree 6: N147, N167, N196, N200, N209, N236, N271
Degree 7: N247, N259
Degree 8: N10, N173, N207
Degree 9: N217, N237
Degree 11: N249
Degree 12: N257
Degree 13: N268
Degree 16: N264
Degree 17: N135
Degree 18: N159
Degree 20: N158
Degree 21: N262
Degree 23: N171, N220, N243
Degree 26: N172
Degree 27: N228
Degree 31: N263
Degree 34: N230
Degree 36: N199
Degree 37: N132
Degree 39: N225
Degree 41: N238, N260
Degree 44: N258
Degree 45: N142
Degree 58: N181
Degree 59: N188
Degree 70: N134
Degree 71: N175
Degree 73: N152
Degree 79: N14
Degree 131: N176
Degree 134: N177
Degree 193: N141
Degree 207: N227

--- Bottom (subnet) degrees ---
Degree 1: 1886 subnets
Degree 2: 74 subnets
Degree 3: 74.201.136.64/30 (sound), 64.95.46.180/30 (sound), 64.74.240.208/29, 74.201.254.64/28 (sound), 216.52.90.0/23, 162.248.95.240/28 (sound), 74.201.254.96/29
Degree 7: 216.52.95.0/26 (sound)

--- Base cycles ---
N129, T1, N130, T3, N132, S3, N134, S2
N132, S3, N181, S36
N132, S3, N238, S79
N134, S3, N225, S67, N227, S8
N134, S3, N225, S68, N228, T19, N143, T6, N142, S9
N134, S3, N225, S69, N230, S23, N152, S11
N142, T6, N143, T19, N228, S68, N225, S3, N181, S38
N181, S3, N238, S82, N243, T22, N193, T13, N188, S41
N238, S80, N243, S82
