--- About the graph ---
Total of vertices (all kinds): 286
Hypothetic vertices: 52 / 286 (18.181818%)
Subnet vertices: 137 / 286 (47.902098%)
Known subnet vertices: 85 / 137 (62.043796%)

--- Subnet mappings ---
S1 = 64.94.189.128/25
S2 = 74.201.136.64/30
S3 = 74.201.137.64/30
S4 = 216.52.95.64/26
S5 = 216.52.95.0/26
S6 = 64.74.245.12/30
S7 = 74.201.131.192/31
S8 = 74.201.138.16/30
S9 = 162.248.95.240/28
S10 = 74.201.136.16/30
S11 = 64.74.240.192/29
S12 = 74.201.136.8/30
S13 = 74.201.164.148/30
S14 = 64.74.243.196/30
S15 = 64.94.185.0/25
S16 = 74.201.136.92/30
S17 = 74.201.136.200/30
S18 = 74.201.254.252/30
S19 = 74.217.54.96/29
S20 = 64.74.240.224/30
S21 = 64.74.245.244/30
S22 = 64.94.177.0/30
S23 = 64.94.177.16/30
S24 = 64.95.46.176/30
S25 = 64.95.46.180/30
S26 = 70.42.41.248/29
S27 = 70.42.45.20/30
S28 = 74.201.138.72/29
S29 = 74.201.139.204/30
S30 = 74.201.164.8/30
S31 = 74.201.179.40/30
S32 = 74.201.195.88/30
S33 = 74.201.198.16/30
S34 = 74.201.254.48/30
S35 = 74.217.50.16/29
S36 = 74.217.55.160/30
S37 = 64.74.240.208/29
S38 = 64.94.190.232/30
S39 = 74.201.254.64/28
S40 = 74.201.254.240/30
S41 = 216.52.93.92/30
S42 = 74.201.138.0/30
S43 = 75.98.62.224/30
S44 = 74.201.138.80/30
S45 = 74.201.254.224/30
S46 = 64.94.177.68/30
S47 = 64.74.242.92/30
S48 = 64.74.242.108/30
S49 = 70.42.41.24/30
S50 = 70.42.45.120/30
S51 = 74.201.254.108/30
S52 = 74.217.49.132/30
S53 = 74.217.49.168/30
S54 = 74.217.49.176/30
S55 = 74.217.50.24/30
S56 = 74.201.254.84/30
S57 = 74.201.254.80/30
S58 = 74.201.152.96/30
S59 = 74.217.51.24/30
S60 = 75.98.40.40/29
S61 = 74.201.129.180/30
S62 = 74.201.129.248/30
S63 = 64.74.252.192/26
S64 = 64.74.254.68/30
S65 = 74.201.138.20/30
S66 = 74.201.150.240/30
S67 = 104.153.107.128/25
S68 = 74.201.136.20/30
S69 = 74.201.136.12/30
S70 = 70.42.47.32/30
S71 = 63.251.17.48/30
S72 = 64.74.240.232/30
S73 = 64.94.177.8/30
S74 = 74.201.164.152/30
S75 = 74.217.51.8/29
S76 = 64.94.177.196/30
S77 = 216.52.93.228/30
S78 = 70.42.39.144/29
S79 = 74.201.138.84/30
S80 = 74.217.49.236/30
S81 = 75.98.62.228/30
S82 = 216.52.90.0/23
S83 = 74.201.138.4/30
S84 = 74.201.136.72/30
S85 = 74.201.254.96/29

--- Top (neighborhood) degrees ---
Degree 1: 118 neighborhoods
Degree 2: 69 neighborhoods
Degree 3: 21 neighborhoods
Degree 4: 17 neighborhoods
Degree 5: N1, N128, N209, N218, N250
Degree 6: N162, N182, N205, N241
Degree 7: N149, N189, N276
Degree 8: N10, N188, N216
Degree 9: N226, N242
Degree 11: N273
Degree 12: N260
Degree 14: N258
Degree 16: N266, N271
Degree 17: N264
Degree 18: N151, N173
Degree 19: N174
Degree 21: N269
Degree 23: N186, N254
Degree 27: N187, N234
Degree 31: N270
Degree 33: N236, N243
Degree 35: N265
Degree 36: N212
Degree 37: N147
Degree 39: N267
Degree 42: N229, N249
Degree 46: N156
Degree 58: N197
Degree 61: N190
Degree 64: N150
Degree 67: N138
Degree 72: N167
Degree 84: N14
Degree 133: N140
Degree 135: N141
Degree 202: N233
Degree 208: N155

--- Bottom (subnet) degrees ---
Degree 1: 1933 subnets
Degree 2: 77 subnets
Degree 3: 64.94.185.0/25, 74.201.136.64/30 (sound), 64.95.46.180/30 (sound), 64.74.240.208/29, 74.201.254.64/28 (sound), 216.52.90.0/23, 74.201.254.96/29
Degree 7: 216.52.95.0/26 (sound)

--- Base cycles ---
N137, S2, N150, S5, N147, T10, N145, T5
N147, S5, N190, S37
N147, S5, N249, S82
N150, S5, N229, S68, N234, T23, N157, T13, N156, S10
N150, S5, N229, S69, N236, S25, N167, S12
N156, T13, N157, T23, N234, S15
N156, T13, N157, T23, N234, S68, N229, S5, N190, S39
N190, S5, N249, S85, N254, T27, N202, T17, N197, S42
N249, S83, N254, S85
