--- About the graph ---
Total of vertices (all kinds): 298
Hypothetic vertices: 53 / 298 (17.785235%)
Subnet vertices: 143 / 298 (47.986577%)
Known subnet vertices: 90 / 143 (62.937063%)

--- Subnet mappings ---
S1 = 64.94.189.192/26
S2 = 74.201.136.64/30
S3 = 216.52.95.0/26
S4 = 63.251.27.48/30
S5 = 64.74.245.12/30
S6 = 74.201.131.192/31
S7 = 74.201.138.16/30
S8 = 74.201.150.224/29
S9 = 75.98.56.0/26
S10 = 162.248.95.248/29
S11 = 74.201.136.8/30
S12 = 64.74.240.192/30
S13 = 74.201.136.16/30
S14 = 74.201.181.224/30
S15 = 64.74.240.224/30
S16 = 64.74.245.240/29
S17 = 64.94.177.0/30
S18 = 64.94.177.16/30
S19 = 64.95.46.176/30
S20 = 64.95.46.180/30
S21 = 70.42.41.248/29
S22 = 70.42.45.20/30
S23 = 74.201.139.204/30
S24 = 74.201.164.8/30
S25 = 74.201.179.40/30
S26 = 74.201.195.88/30
S27 = 74.201.198.16/30
S28 = 74.217.50.16/29
S29 = 74.217.55.160/30
S30 = 64.94.185.0/25
S31 = 74.201.136.92/30
S32 = 74.201.136.200/30
S33 = 74.201.254.252/30
S34 = 74.217.54.96/29
S35 = 64.74.245.60/30
S36 = 64.74.244.36/30
S37 = 74.201.137.64/30
S38 = 64.74.240.208/29
S39 = 64.94.190.232/30
S40 = 74.201.208.56/30
S41 = 74.201.254.240/30
S42 = 74.217.160.0/23
S43 = 216.52.93.92/30
S44 = 74.201.138.0/30
S45 = 64.74.242.92/30
S46 = 75.98.62.224/30
S47 = 74.201.252.0/30
S48 = 74.201.254.224/30
S49 = 64.94.177.68/30
S50 = 74.201.138.80/30
S51 = 64.74.242.108/30
S52 = 70.42.41.24/30
S53 = 70.42.45.120/30
S54 = 74.201.254.48/29
S55 = 74.201.254.108/30
S56 = 74.217.49.132/30
S57 = 74.217.49.168/30
S58 = 74.217.49.176/30
S59 = 74.217.50.24/30
S60 = 74.201.152.96/30
S61 = 74.201.254.84/30
S62 = 74.217.51.24/30
S63 = 75.98.40.40/29
S64 = 64.74.252.192/26
S65 = 74.201.129.180/30
S66 = 74.201.129.248/30
S67 = 74.201.138.20/30
S68 = 104.153.107.128/25
S69 = 74.201.136.20/30
S70 = 74.201.136.12/30
S71 = 64.74.240.240/30
S72 = 70.42.47.32/30
S73 = 63.251.17.48/30
S74 = 64.74.240.232/30
S75 = 64.94.177.8/30
S76 = 74.201.164.152/30
S77 = 74.217.51.8/29
S78 = 64.94.177.196/30
S79 = 64.95.47.84/30
S80 = 74.201.252.196/30
S81 = 74.201.253.52/30
S82 = 216.52.93.228/30
S83 = 70.42.39.144/29
S84 = 74.201.138.84/30
S85 = 74.201.254.28/31
S86 = 74.217.49.236/30
S87 = 75.98.62.228/30
S88 = 216.52.91.0/25
S89 = 74.201.138.4/30
S90 = 74.201.254.96/29

--- Top (neighborhood) degrees ---
Degree 1: 115 neighborhoods
Degree 2: 74 neighborhoods
Degree 3: 17 neighborhoods
Degree 4: 25 neighborhoods
Degree 5: N135, N170, N171, N174, N215
Degree 6: N207, N212
Degree 7: N164, N242, N243, N244, N266, N276
Degree 8: N140
Degree 9: N220
Degree 10: N264
Degree 13: N222, N279
Degree 14: N196
Degree 15: N274
Degree 18: N156, N262, N267
Degree 19: N234, N272
Degree 20: N155
Degree 22: N259, N269
Degree 29: N211, N236
Degree 30: N273
Degree 33: N138
Degree 41: N253, N268
Degree 45: N245
Degree 49: N231, N270
Degree 51: N169
Degree 64: N139
Degree 65: N187
Degree 66: N149
Degree 67: N195
Degree 71: N179
Degree 89: N13
Degree 128: N181
Degree 135: N180
Degree 207: N233
Degree 212: N148

--- Bottom (subnet) degrees ---
Degree 1: 1931 subnets
Degree 2: 79 subnets
Degree 3: 162.248.95.248/29 (sound), 74.201.136.64/30 (sound), 64.95.46.180/30 (sound), 64.94.185.0/25, 64.74.240.208/29, 74.217.160.0/23, 104.153.107.128/25, 74.201.252.196/30 (sound), 216.52.91.0/25 (sound), 74.201.254.96/29
Degree 7: 216.52.95.0/26 (sound)

--- Base cycles ---
N134, S2, N139, S42, N187, S38, N138, T7, N135, T5
N138, S3, N187, S38
N139, S10, N233, S68
N139, S11, N149, S20, N236, S70, N231, S68
N139, S13, N169, T10, N170, T19, N234, S69, N231, S68
N139, S3, N187, S42
N139, S3, N231, S68
N169, T10, N170, T19, N234, S30
N187, S3, N253, S90, N259, T24, N203, T16, N195, S44
N245, S3, N262, S80
N253, S3, N262, S88
N253, S89, N259, S90
