--- About the graph ---
Total of vertices (all kinds): 279
Hypothetic vertices: 57 / 279 (20.430108%)
Subnet vertices: 133 / 279 (47.670251%)
Known subnet vertices: 76 / 133 (57.142857%)

--- Subnet mappings ---
S1 = 216.52.95.0/26
S2 = 64.74.245.8/29
S3 = 74.201.131.192/29
S4 = 74.201.138.16/30
S5 = 74.201.150.224/29
S6 = 162.248.95.240/28
S7 = 74.201.136.16/30
S8 = 64.74.240.192/29
S9 = 74.201.136.8/30
S10 = 74.201.164.148/30
S11 = 74.201.136.64/30
S12 = 64.94.185.0/25
S13 = 74.201.136.92/30
S14 = 74.201.136.200/30
S15 = 74.201.254.252/30
S16 = 74.217.54.96/29
S17 = 64.74.240.224/30
S18 = 64.74.243.196/31
S19 = 64.74.245.244/30
S20 = 64.94.177.0/30
S21 = 64.94.177.16/30
S22 = 64.95.46.176/30
S23 = 64.95.46.180/30
S24 = 70.42.41.248/29
S25 = 74.201.138.72/29
S26 = 74.201.139.204/30
S27 = 74.201.164.8/30
S28 = 74.201.179.40/30
S29 = 74.201.195.88/30
S30 = 74.201.198.16/30
S31 = 74.201.254.48/28
S32 = 74.217.50.16/29
S33 = 74.217.55.160/30
S34 = 74.201.137.64/30
S35 = 64.74.240.208/29
S36 = 64.94.190.232/30
S37 = 74.201.138.32/30
S38 = 216.52.93.92/30
S39 = 64.74.242.92/30
S40 = 74.201.138.0/30
S41 = 75.98.62.224/30
S42 = 74.201.138.80/30
S43 = 64.74.254.68/30
S44 = 64.74.242.108/30
S45 = 70.42.41.24/30
S46 = 70.42.45.120/30
S47 = 74.201.254.108/30
S48 = 74.217.49.132/30
S49 = 74.217.49.168/30
S50 = 74.217.49.176/30
S51 = 74.217.50.24/30
S52 = 74.201.254.84/30
S53 = 74.201.254.80/30
S54 = 74.201.152.96/30
S55 = 74.217.51.24/30
S56 = 75.98.40.40/29
S57 = 74.201.129.180/30
S58 = 74.201.129.248/30
S59 = 64.94.177.196/30
S60 = 70.42.39.148/30
S61 = 74.201.138.20/30
S62 = 104.153.107.128/25
S63 = 74.201.136.20/30
S64 = 74.201.136.12/30
S65 = 70.42.47.32/30
S66 = 63.251.17.48/30
S67 = 64.74.240.232/30
S68 = 64.94.177.8/30
S69 = 74.201.164.152/30
S70 = 74.217.51.8/29
S71 = 74.201.138.84/30
S72 = 75.98.62.228/30
S73 = 74.201.138.4/30
S74 = 74.201.136.72/30
S75 = 74.201.254.96/29
S76 = 64.94.189.128/25

--- Top (neighborhood) degrees ---
Degree 1: 124 neighborhoods
Degree 2: 64 neighborhoods
Degree 3: 15 neighborhoods
Degree 4: 24 neighborhoods
Degree 5: N210, N228, N229, N244
Degree 6: N154, N174, N181, N206, N219, N241
Degree 7: N180
Degree 8: N17, N217
Degree 9: N242, N266
Degree 10: N194
Degree 12: N264
Degree 15: N143, N271
Degree 18: N278
Degree 19: N269, N273, N274
Degree 21: N166, N276
Degree 22: N178, N179
Degree 24: N167, N246
Degree 27: N234
Degree 30: N267, N270
Degree 31: N236
Degree 34: N141
Degree 36: N213, N231, N265
Degree 38: N149
Degree 39: N243
Degree 49: N223
Degree 54: N187
Degree 59: N198
Degree 60: N123
Degree 63: N182
Degree 64: N122
Degree 66: N159
Degree 67: N142
Degree 84: N6
Degree 126: N184
Degree 135: N183
Degree 241: N233
Degree 250: N148

--- Bottom (subnet) degrees ---
Degree 1: 2130 subnets
Degree 2: 69 subnets
Degree 3: 64.94.185.0/25, 64.74.245.8/29, 64.95.46.180/30 (sound), 74.201.254.48/28, 64.74.240.208/29, 74.201.254.96/29
Degree 6: 216.52.95.0/26 (sound)

--- Base cycles ---
N141, S1, N142, S2
N141, S1, N187, S35
N142, S1, N231, S63, N234, T24, N150, T7, N149, S7
N142, S7, N149, T7, N150, T24, N234, S63, N231, S64, N236, S23, N159, S9
N142, S9, N159, S31
N149, T7, N150, T24, N234, S12
N187, S1, N243, S75, N246, T27, N203, T16, N198, S40
N243, S73, N246, S75
