--- About the graph ---
Total of vertices (all kinds): 274
Hypothetic vertices: 45 / 274 (16.423358%)
Subnet vertices: 130 / 274 (47.445255%)
Known subnet vertices: 85 / 130 (65.384615%)

--- Subnet mappings ---
S1 = 64.94.189.128/25
S2 = 216.52.95.0/26
S3 = 64.74.245.12/30
S4 = 74.201.131.192/31
S5 = 74.201.138.16/30
S6 = 74.201.150.224/29
S7 = 162.248.95.240/28
S8 = 74.201.136.16/30
S9 = 64.74.240.192/29
S10 = 74.201.136.8/30
S11 = 74.201.164.148/30
S12 = 74.201.136.64/30
S13 = 64.94.185.0/25
S14 = 74.201.136.92/30
S15 = 74.201.136.200/30
S16 = 74.201.254.252/30
S17 = 74.217.54.96/29
S18 = 64.74.240.224/30
S19 = 64.74.243.196/31
S20 = 64.74.245.244/30
S21 = 64.94.177.0/30
S22 = 64.94.177.16/30
S23 = 64.95.46.176/30
S24 = 64.95.46.180/30
S25 = 70.42.41.248/29
S26 = 70.42.45.20/30
S27 = 74.201.138.72/29
S28 = 74.201.139.204/30
S29 = 74.201.164.8/30
S30 = 74.201.179.40/30
S31 = 74.201.195.88/30
S32 = 74.201.198.16/30
S33 = 74.201.254.48/30
S34 = 74.217.50.16/29
S35 = 74.217.55.160/30
S36 = 74.201.137.64/30
S37 = 64.74.240.208/29
S38 = 64.94.190.232/30
S39 = 74.201.138.32/30
S40 = 74.201.254.64/28
S41 = 74.201.254.240/30
S42 = 216.52.93.92/30
S43 = 74.201.138.0/30
S44 = 75.98.62.224/30
S45 = 74.201.138.80/30
S46 = 74.201.254.224/30
S47 = 64.94.177.68/30
S48 = 64.74.242.92/30
S49 = 64.74.242.108/30
S50 = 70.42.41.24/30
S51 = 70.42.45.120/30
S52 = 74.201.254.108/30
S53 = 74.217.49.132/30
S54 = 74.217.49.168/30
S55 = 74.217.49.176/30
S56 = 74.217.50.24/30
S57 = 74.201.152.96/30
S58 = 74.201.254.84/30
S59 = 74.201.254.80/30
S60 = 74.217.51.24/30
S61 = 75.98.40.40/29
S62 = 74.201.129.180/30
S63 = 74.201.129.248/30
S64 = 64.74.252.192/26
S65 = 64.74.254.68/30
S66 = 64.94.177.196/30
S67 = 70.42.39.144/29
S68 = 74.201.138.20/30
S69 = 104.153.107.128/25
S70 = 74.201.136.20/30
S71 = 74.201.136.12/30
S72 = 70.42.47.32/30
S73 = 63.251.17.48/30
S74 = 64.74.240.232/30
S75 = 64.94.177.8/30
S76 = 74.201.164.152/30
S77 = 74.217.51.8/29
S78 = 74.201.138.36/30
S79 = 74.201.138.84/30
S80 = 74.217.49.236/30
S81 = 75.98.62.228/30
S82 = 216.52.91.0/25
S83 = 74.201.138.4/30
S84 = 74.201.136.72/30
S85 = 74.201.254.96/29

--- Top (neighborhood) degrees ---
Degree 1: 125 neighborhoods
Degree 2: 63 neighborhoods
Degree 3: 20 neighborhoods
Degree 4: 17 neighborhoods
Degree 5: N12, N211, N213, N215, N249, N264
Degree 6: N159, N180, N207, N220, N245
Degree 8: N14, N184, N218
Degree 9: N228, N246
Degree 13: N259, N269
Degree 14: N261
Degree 15: N274
Degree 16: N171, N267
Degree 17: N148
Degree 18: N172
Degree 19: N272
Degree 20: N137
Degree 22: N138
Degree 24: N253
Degree 27: N238
Degree 30: N257, N273
Degree 32: N240
Degree 34: N144, N146, N231
Degree 35: N210
Degree 40: N235
Degree 41: N142, N154
Degree 49: N247
Degree 54: N186, N270
Degree 57: N143, N191
Degree 60: N268
Degree 63: N199
Degree 73: N164
Degree 74: N147
Degree 79: N18
Degree 98: N188
Degree 109: N187
Degree 198: N153, N237

--- Bottom (subnet) degrees ---
Degree 1: 2017 subnets
Degree 2: 77 subnets
Degree 3: 64.94.185.0/25, 64.95.46.180/30 (sound), 64.74.240.208/29, 74.201.131.192/31, 74.201.254.64/28 (sound), 216.52.91.0/25 (sound), 74.201.254.96/29
Degree 7: 216.52.95.0/26 (sound)

--- Base cycles ---
N147, S2, N235, S71, N240, S24, N164, S10
N147, S4 (B), N235, S71, N240, S24, N164, S10
N147, S8, N154, T7, N155, T19, N238, S70, N235, S71, N240, S24, N164, S10
N154, T7, N155, T19, N238, S13
N154, T7, N155, T19, N238, S70, N235, S2, N191, S40
N191, S2, N247, S85, N253, T22, N204, T13, N199, S43
N247, S2, N257, S82
N247, S83, N253, S85
