--- About the graph ---
Total of vertices (all kinds): 265
Hypothetic vertices: 55 / 265 (20.754717%)
Subnet vertices: 125 / 265 (47.169811%)
Known subnet vertices: 70 / 125 (56.000000%)

--- Subnet mappings ---
S1 = 103.196.240.0/28
S2 = 146.185.253.0/28
S3 = 178.21.16.72/31
S4 = 178.21.17.168/29
S5 = 185.116.166.0/27
S6 = 185.12.13.64/27
S7 = 185.53.160.128/28
S8 = 185.53.162.224/29
S9 = 185.53.163.128/29
S10 = 185.53.163.40/31
S11 = 185.53.163.42/31
S12 = 185.8.176.16/28
S13 = 185.8.177.32/29
S14 = 185.8.179.32/28
S15 = 188.120.33.0/25
S16 = 188.120.35.136/29
S17 = 193.23.143.200/29
S18 = 193.23.143.244/31
S19 = 193.23.143.70/31
S20 = 193.23.143.90/31
S21 = 194.247.30.108/30
S22 = 194.247.30.160/30
S23 = 194.247.31.20/31
S24 = 194.247.31.8/30
S25 = 194.247.31.80/30
S26 = 31.186.174.32/29
S27 = 31.186.174.44/30
S28 = 31.186.174.80/28
S29 = 37.1.200.0/27
S30 = 37.1.201.8/29
S31 = 37.49.228.128/25
S32 = 46.243.152.0/23
S33 = 46.243.155.128/26
S34 = 46.249.36.32/29
S35 = 46.249.36.40/29
S36 = 46.249.36.48/30
S37 = 46.249.38.0/26
S38 = 46.249.43.128/27
S39 = 46.249.47.16/29
S40 = 46.249.55.192/31
S41 = 46.249.63.242/31
S42 = 46.249.63.252/30
S43 = 5.178.67.0/29
S44 = 5.178.67.24/31
S45 = 5.255.64.192/27
S46 = 5.255.66.232/29
S47 = 5.255.80.0/28
S48 = 5.255.82.20/30
S49 = 5.255.95.100/31
S50 = 5.45.66.0/28
S51 = 5.45.70.0/29
S52 = 5.45.70.8/30
S53 = 91.195.80.56/29
S54 = 91.195.81.96/28
S55 = 91.198.106.128/28
S56 = 91.198.106.144/32
S57 = 91.198.106.148/30
S58 = 91.198.106.178/32
S59 = 91.198.106.179/32
S60 = 91.198.106.18/31
S61 = 91.198.106.184/31
S62 = 91.198.106.186/31
S63 = 91.198.106.232/30
S64 = 91.198.106.36/30
S65 = 91.198.106.80/29
S66 = 91.198.106.92/30
S67 = 93.158.201.176/29
S68 = 93.158.217.144/30
S69 = 93.158.217.98/31
S70 = 93.158.222.68/30

--- Degree analysis ---
New figure saved in AS50673_13-01-2020_bip_degree_CDFs.pdf
New figure saved in AS50673_13-01-2020_bip_top_local_density.pdf
Maximum top (neighborhood) degree: 577
Maximum bottom (subnet) degree: 577

--- Base cycles ---
New figure saved in AS50673_13-01-2020_bip_cycles.pdf
N22, T1, N88, S32, N112, T2
N88, S26, N112, S32
N88, S28, N112, S32
N88, S32, N112, S33
N88, S32, N112, S36
N88, S32, N112, S37
