--- About the graph ---
Total of vertices (all kinds): 265
Hypothetic vertices: 55 / 265 (20.754717%)
Subnet vertices: 125 / 265 (47.169811%)
Known subnet vertices: 70 / 125 (56.000000%)

--- Subnet mappings ---
S1 = 5.178.67.24/31
S2 = 93.158.217.98/31
S3 = 185.8.179.32/28
S4 = 46.249.55.192/31
S5 = 185.8.177.32/29
S6 = 5.45.66.0/28
S7 = 5.45.70.0/29
S8 = 5.45.70.8/30
S9 = 37.1.200.0/27
S10 = 37.1.201.8/29
S11 = 5.255.95.100/31
S12 = 46.249.63.242/31
S13 = 178.21.17.168/29
S14 = 185.8.176.16/28
S15 = 185.53.160.128/28
S16 = 185.53.162.224/29
S17 = 185.53.163.128/29
S18 = 185.116.166.0/27
S19 = 185.53.163.42/31
S20 = 37.49.228.128/25
S21 = 46.249.63.252/30
S22 = 103.196.240.0/28
S23 = 185.53.163.40/31
S24 = 46.249.38.0/26
S25 = 5.178.67.0/29
S26 = 5.255.66.232/29
S27 = 5.255.80.0/28
S28 = 5.255.82.20/30
S29 = 31.186.174.32/29
S30 = 31.186.174.44/30
S31 = 31.186.174.80/28
S32 = 46.249.36.40/29
S33 = 46.249.36.48/30
S34 = 46.249.43.128/27
S35 = 46.249.47.16/29
S36 = 91.195.80.56/29
S37 = 91.195.81.96/28
S38 = 146.185.253.0/28
S39 = 178.21.16.72/31
S40 = 5.255.64.192/27
S41 = 46.249.36.32/29
S42 = 93.158.201.176/29
S43 = 93.158.217.144/30
S44 = 93.158.222.68/30
S45 = 185.12.13.64/27
S46 = 46.243.152.0/23
S47 = 46.243.155.128/26
S48 = 188.120.33.0/25
S49 = 188.120.35.136/29
S50 = 91.198.106.18/31
S51 = 91.198.106.36/30
S52 = 91.198.106.80/29
S53 = 91.198.106.92/30
S54 = 91.198.106.128/28
S55 = 91.198.106.144/32
S56 = 91.198.106.148/30
S57 = 91.198.106.178/32
S58 = 91.198.106.179/32
S59 = 91.198.106.184/31
S60 = 91.198.106.186/31
S61 = 91.198.106.232/30
S62 = 193.23.143.70/31
S63 = 193.23.143.90/31
S64 = 193.23.143.200/29
S65 = 193.23.143.244/31
S66 = 194.247.30.108/30
S67 = 194.247.30.160/30
S68 = 194.247.31.8/30
S69 = 194.247.31.20/31
S70 = 194.247.31.80/30

--- Top (neighborhood) degrees ---
Degree 1: 15 neighborhoods
Degree 2: 35 neighborhoods
Degree 3: 14 neighborhoods
Degree 4: N102, N122, N133, N27, N73, N77, N79, N82
Degree 5: N10, N141, N21, N72, N85, N99
Degree 6: N108, N14, N144, N24, N97
Degree 7: N113, N12, N126, N149, N46
Degree 8: N109, N111, N145, N89
Degree 9: N20, N45, N69, N76
Degree 10: N107, N61, N93, N94, N96, N98
Degree 11: N67
Degree 12: N100, N58, N62
Degree 13: N101, N92
Degree 14: N140, N151, N154, N155
Degree 15: N139
Degree 16: N152, N95
Degree 17: N135, N150
Degree 18: N147, N47, N84
Degree 19: N148, N156
Degree 20: N121, N146
Degree 21: N106
Degree 23: N41
Degree 26: N136
Degree 29: N39
Degree 31: N43
Degree 32: N52
Degree 34: N38
Degree 36: N56
Degree 37: N137
Degree 42: N48
Degree 43: N34
Degree 44: N19
Degree 49: N51
Degree 50: N30
Degree 55: N55
Degree 58: N35, N44
Degree 59: N57
Degree 61: N22
Degree 62: N40
Degree 63: N54
Degree 66: N49
Degree 79: N53
Degree 90: N134
Degree 93: N42
Degree 94: N36
Degree 103: N37
Degree 106: N50
Degree 119: N33
Degree 128: N31
Degree 205: N32
Degree 322: N59
Degree 323: N80
Degree 561: N112
Degree 579: N88

--- Bottom (subnet) degrees ---
Degree 1: 4213 subnets
Degree 2: 38 subnets
Degree 3: 26 subnets
Degree 4: 46.249.36.40/29, 91.195.80.56/29 (sound), 146.185.253.0/28
Degree 5: 5.255.80.0/28, 37.1.200.0/27
Degree 6: 185.8.179.32/28

--- Base cycles ---
N134, S52, N137, S54
N134, S59 (B), N146, S67
N134, S61, N148, S62 (B)
N134, S61, N152, S65
N134, S68, N156, S69
N22, T1, N88, S32, N112, S43
N22, T1, N88, S32, N112, T2
N22, T1, N88, S34, N80, T4, N30, S3
N32, S6, N34, S8
N88, S26, N112, S32
N88, S28, N112, S32
N88, S29, N97, S31
N88, S32, N112, S33
N88, S32, N112, S36
N88, S32, N112, S37
N88, S32, N112, S40
N88, S32, N112, S42
N88, S36, N106, S37
