--- About the graph ---
Total of vertices (all kinds): 314
Hypothetic vertices: 74 / 314 (23.566879%)
Subnet vertices: 144 / 314 (45.859873%)
Known subnet vertices: 70 / 144 (48.611111%)

--- Subnet mappings ---
S1 = 64.74.252.224/27
S2 = 74.201.152.96/30
S3 = 216.52.95.0/26
S4 = 74.201.136.64/30
S5 = 64.74.245.0/25
S6 = 74.201.131.192/31
S7 = 74.201.138.16/30
S8 = 74.201.150.224/29
S9 = 162.248.95.240/28
S10 = 74.201.136.16/30
S11 = 74.201.136.8/30
S12 = 74.201.164.148/30
S13 = 64.74.243.196/30
S14 = 74.201.136.92/30
S15 = 74.201.136.200/30
S16 = 74.201.254.252/30
S17 = 74.217.54.96/29
S18 = 64.74.240.128/25
S19 = 64.74.245.224/27
S20 = 64.94.177.0/30
S21 = 64.94.177.16/30
S22 = 64.95.46.0/23
S23 = 70.42.41.248/29
S24 = 70.42.45.22/31
S25 = 74.201.138.72/29
S26 = 74.201.139.204/30
S27 = 74.201.164.8/30
S28 = 74.201.179.40/31
S29 = 74.201.195.88/30
S30 = 74.201.198.16/30
S31 = 74.201.254.48/30
S32 = 74.217.50.16/29
S33 = 74.217.55.160/30
S34 = 74.201.137.64/30
S35 = 75.98.62.228/30
S36 = 74.201.138.4/30
S37 = 74.201.136.12/30
S38 = 74.201.138.84/30
S39 = 74.201.136.72/30
S40 = 74.201.254.96/29
S41 = 63.251.17.48/30
S42 = 64.94.177.8/30
S43 = 74.201.164.152/30
S44 = 74.217.51.8/29
S45 = 70.42.41.48/30
S46 = 64.94.177.196/30
S47 = 70.42.39.144/29
S48 = 216.52.93.92/30
S49 = 74.201.138.0/30
S50 = 75.98.62.224/30
S51 = 74.201.254.224/30
S52 = 74.201.138.80/30
S53 = 70.42.41.24/30
S54 = 70.42.45.120/30
S55 = 74.201.254.108/30
S56 = 74.217.49.132/30
S57 = 74.217.49.168/30
S58 = 74.217.49.176/30
S59 = 74.217.50.24/30
S60 = 74.201.254.84/30
S61 = 74.217.51.24/30
S62 = 75.98.40.40/29
S63 = 64.74.254.68/30
S64 = 74.201.129.182/31
S65 = 74.201.129.248/30
S66 = 216.52.93.52/30
S67 = 74.201.138.20/30
S68 = 104.153.107.0/24
S69 = 74.201.136.20/30
S70 = 70.42.47.32/30

--- Top (neighborhood) degrees ---
Degree 1: 147 neighborhoods
Degree 2: 90 neighborhoods
Degree 3: 17 neighborhoods
Degree 4: 20 neighborhoods
Degree 5: N169, N199, N200, N256, N28, N288, N311
Degree 6: N146, N176, N178, N198, N285
Degree 7: N151, N189, N263
Degree 8: N18, N293, N297, N32
Degree 9: N238, N332
Degree 10: N260
Degree 11: N177, N179, N261, N267
Degree 13: N145
Degree 15: N309, N331
Degree 16: N150, N203, N313, N320
Degree 19: N225, N312, N318
Degree 20: N226
Degree 24: N249, N307
Degree 27: N317
Degree 30: N314
Degree 31: N270
Degree 32: N255
Degree 33: N210
Degree 38: N304
Degree 40: N266
Degree 45: N246, N265
Degree 52: N275
Degree 62: N278
Degree 69: N201
Degree 70: N240
Degree 71: N218
Degree 81: N36
Degree 122: N241
Degree 134: N242
Degree 161: N306
Degree 167: N209

--- Bottom (subnet) degrees ---
Degree 1: 1877 subnets
Degree 2: 56 subnets
Degree 3: 64.74.252.224/27 (sound), 74.201.136.16/30 (sound), 74.201.136.8/30 (sound), 64.74.245.224/27, 74.201.136.12/30 (sound), 74.201.136.64/30 (sound), 74.201.254.96/29, 64.94.177.196/30 (sound), 64.74.245.0/25 (sound), 104.153.107.0/24 (sound)
Degree 4: 74.201.152.96/30 (sound), 64.95.46.0/23
Degree 7: 64.74.240.128/25
Degree 8: 216.52.95.0/26 (sound)

--- Base cycles ---
N198, S2, N278, S49, N275, S3, N270, S46
N198, T11, N199, S3, N270, S46
N199, S3, N201, S4
N201, S11, N218, S19
N201, S3, N246, S11
N201, S3, N304, S37, N255, S5
N201, S3, N304, S68, N209, S9
N201, S3, N304, S69, N307, T37, N211, T16, N210, S10
N210, S10, N246, S3, N304, S69, N307, T37, N211, T16
N218, S11, N246, S3, N275, S18
N218, T17, N219, S22
N246, S3, N265, T24
N246, S3, N275, S49, N278, T33, N253, T27, N249, S36
N246, S3, N275, S49, N278, T33, N253, T27, N249, S40
N246, S3, N304, S37
N255, S18, N275, S3, N304, S37
N265, S2, N278, S49, N275, S3
