--- About the graph ---
Total of vertices (all kinds): 268
Hypothetic vertices: 42 / 268 (15.671642%)
Subnet vertices: 127 / 268 (47.388060%)
Known subnet vertices: 85 / 127 (66.929134%)

--- Subnet mappings ---
S1 = 64.94.189.128/25
S2 = 216.52.95.64/26
S3 = 216.52.95.0/26
S4 = 64.74.245.12/30
S5 = 74.201.131.192/31
S6 = 74.201.138.16/30
S7 = 74.201.150.224/29
S8 = 162.248.95.240/28
S9 = 74.201.136.16/30
S10 = 64.74.240.192/29
S11 = 74.201.136.8/30
S12 = 74.201.164.148/30
S13 = 74.201.136.64/30
S14 = 64.74.243.196/30
S15 = 74.201.136.92/30
S16 = 74.201.136.200/30
S17 = 74.201.254.252/30
S18 = 74.217.54.96/29
S19 = 64.74.240.224/30
S20 = 64.74.245.244/30
S21 = 64.94.177.0/30
S22 = 64.94.177.16/30
S23 = 64.95.46.176/30
S24 = 64.95.46.180/30
S25 = 70.42.41.248/29
S26 = 70.42.45.20/30
S27 = 74.201.138.72/29
S28 = 74.201.139.204/30
S29 = 74.201.164.8/30
S30 = 74.201.179.40/30
S31 = 74.201.195.88/30
S32 = 74.201.198.16/30
S33 = 74.201.254.48/30
S34 = 74.217.50.16/29
S35 = 74.217.55.160/30
S36 = 74.201.137.64/30
S37 = 64.74.240.208/29
S38 = 64.94.190.232/30
S39 = 74.201.138.32/30
S40 = 74.201.254.64/28
S41 = 74.201.254.240/30
S42 = 216.52.93.92/30
S43 = 74.201.138.0/30
S44 = 75.98.62.224/30
S45 = 74.201.138.80/30
S46 = 74.201.254.224/30
S47 = 64.94.177.68/30
S48 = 64.74.242.92/30
S49 = 64.74.242.108/30
S50 = 70.42.41.24/30
S51 = 70.42.45.120/30
S52 = 74.201.254.108/30
S53 = 74.217.49.132/30
S54 = 74.217.49.168/30
S55 = 74.217.49.176/30
S56 = 74.217.50.24/30
S57 = 74.201.152.96/30
S58 = 74.201.254.84/30
S59 = 74.201.254.80/30
S60 = 74.217.51.24/30
S61 = 75.98.40.40/29
S62 = 74.201.129.180/30
S63 = 74.201.129.248/30
S64 = 64.74.252.192/26
S65 = 64.74.254.68/30
S66 = 64.94.177.196/30
S67 = 70.42.39.144/29
S68 = 74.201.138.20/30
S69 = 104.153.107.128/25
S70 = 74.201.136.20/30
S71 = 74.201.136.12/30
S72 = 70.42.47.32/30
S73 = 63.251.17.48/30
S74 = 64.74.240.232/30
S75 = 64.94.177.8/30
S76 = 74.201.164.152/30
S77 = 74.217.51.8/29
S78 = 74.201.138.36/30
S79 = 74.201.138.84/30
S80 = 74.217.49.236/30
S81 = 75.98.62.228/30
S82 = 216.52.90.0/23
S83 = 74.201.138.4/30
S84 = 74.201.136.72/30
S85 = 74.201.254.96/29

--- Top (neighborhood) degrees ---
Degree 1: 123 neighborhoods
Degree 2: 65 neighborhoods
Degree 3: 16 neighborhoods
Degree 4: 17 neighborhoods
Degree 5: N203, N205
Degree 6: N151, N171, N199, N212, N240, N244, N253
Degree 7: N175, N210
Degree 8: N12, N176
Degree 9: N220, N241
Degree 14: N223
Degree 15: N252, N256
Degree 16: N163, N263
Degree 17: N140
Degree 18: N138, N258
Degree 20: N162
Degree 21: N261, N269
Degree 22: N132
Degree 24: N233, N248
Degree 26: N133
Degree 31: N262
Degree 33: N235
Degree 35: N202
Degree 39: N137, N229
Degree 40: N242
Degree 43: N146
Degree 49: N257
Degree 51: N259
Degree 52: N183
Degree 60: N191
Degree 68: N139, N156, N177
Degree 80: N16
Degree 132: N178
Degree 133: N179
Degree 188: N145
Degree 199: N232

--- Bottom (subnet) degrees ---
Degree 1: 1899 subnets
Degree 2: 77 subnets
Degree 3: 64.95.46.180/30 (sound), 64.74.240.208/29, 74.201.254.64/28 (sound), 74.201.131.192/31, 64.94.177.196/30 (sound), 216.52.90.0/23, 74.201.254.96/29
Degree 6: 216.52.95.0/26 (sound)

--- Base cycles ---
N137, S2, N138, S66, N223, S3
N137, S3, N242, S82
N137, S37, N183, S43, N191, T10, N196, T20, N248, S85, N242, S82
N139, S3, N183, S40, N146, S9
N139, S3, N229, S70, N233, T17, N147, T4, N146, S9
N139, S5 (B), N229, S70, N233, T17, N147, T4, N146, S9
N139, S9, N146, T4, N147, T17, N233, S70, N229, S71, N235, S24, N156, S11
N183, S3, N242, S85, N248, T20, N196, T10, N191, S43
N242, S83, N248, S85
