--- About the graph ---
Total of vertices (all kinds): 249
Hypothetic vertices: 49 / 249 (19.678715%)
Subnet vertices: 115 / 249 (46.184739%)
Known subnet vertices: 66 / 115 (57.391304%)

--- Subnet mappings ---
S1 = 185.8.179.32/28
S2 = 185.8.177.32/29
S3 = 5.45.66.0/28
S4 = 5.45.70.0/29
S5 = 5.45.70.8/30
S6 = 37.1.200.0/27
S7 = 37.1.201.8/30
S8 = 5.255.95.100/31
S9 = 46.249.63.242/31
S10 = 178.21.17.172/31
S11 = 185.8.176.16/28
S12 = 185.53.160.128/28
S13 = 185.53.162.228/32
S14 = 185.53.163.128/29
S15 = 185.116.166.0/27
S16 = 185.53.163.42/31
S17 = 46.249.38.14/31
S18 = 46.249.63.252/30
S19 = 103.196.240.0/28
S20 = 185.53.163.40/31
S21 = 46.249.38.4/30
S22 = 5.178.67.24/31
S23 = 93.158.217.96/27
S24 = 46.249.55.192/31
S25 = 5.255.64.192/27
S26 = 5.255.66.224/28
S27 = 5.255.82.20/30
S28 = 46.249.35.0/27
S29 = 46.249.36.36/30
S30 = 46.249.36.40/29
S31 = 46.249.36.48/30
S32 = 46.249.43.128/29
S33 = 91.195.80.56/29
S34 = 91.195.81.106/31
S35 = 93.158.201.178/31
S36 = 93.158.217.144/30
S37 = 93.158.222.68/30
S38 = 185.12.13.64/27
S39 = 5.255.66.208/29
S40 = 5.178.67.0/29
S41 = 5.255.80.0/28
S42 = 31.186.174.32/29
S43 = 31.186.174.44/30
S44 = 31.186.174.80/28
S45 = 146.185.253.0/28
S46 = 178.21.16.72/31
S47 = 46.243.152.0/23
S48 = 46.243.155.160/28
S49 = 188.120.34.0/24
S50 = 188.120.35.136/29
S51 = 91.198.106.0/27
S52 = 91.198.106.36/30
S53 = 91.198.106.64/26
S54 = 91.198.106.128/28
S55 = 91.198.106.144/28
S56 = 91.198.106.160/27
S57 = 91.198.106.232/30
S58 = 193.23.143.70/31
S59 = 193.23.143.88/29
S60 = 193.23.143.200/29
S61 = 193.23.143.224/27
S62 = 194.247.30.108/30
S63 = 194.247.30.160/31
S64 = 194.247.31.8/30
S65 = 194.247.31.16/29
S66 = 194.247.31.80/30

--- Top (neighborhood) degrees ---
Degree 1: 15 neighborhoods
Degree 2: 33 neighborhoods
Degree 3: 14 neighborhoods
Degree 4: N118, N134, N153, N26, N27, N45, N74, N94
Degree 5: N137, N142, N70, N72
Degree 6: N110, N112, N17, N83, N89
Degree 7: N103, N114, N123, N138, N44, N80
Degree 8: N155, N43
Degree 9: N108, N115, N140, N144
Degree 10: N111, N129, N132, N67
Degree 11: N107, N133, N56, N58, N60
Degree 12: N113, N147, N148, N23, N65
Degree 13: N106, N139, N145, N92, N93
Degree 14: N143, N15, N86
Degree 15: N109
Degree 16: N141
Degree 17: N130
Degree 18: N149
Degree 20: N78
Degree 21: N13, N97
Degree 23: N1, N39
Degree 24: N117
Degree 27: N37
Degree 30: N131, N50
Degree 32: N154, N41
Degree 35: N156
Degree 36: N36
Degree 39: N54
Degree 42: N32
Degree 43: N46
Degree 45: N82
Degree 50: N49
Degree 52: N28
Degree 53: N42
Degree 54: N53
Degree 58: N55
Degree 60: N33
Degree 63: N38
Degree 67: N52
Degree 69: N47
Degree 80: N128
Degree 85: N51
Degree 95: N40
Degree 97: N34
Degree 109: N48
Degree 115: N35
Degree 125: N31
Degree 137: N29
Degree 192: N30
Degree 310: N75
Degree 311: N57
Degree 654: N104
Degree 669: N85

--- Bottom (subnet) degrees ---
Degree 1: 4379 subnets
Degree 2: 32 subnets
Degree 3: 27 subnets
Degree 4: 46.249.36.40/29, 91.195.80.56/29 (sound), 146.185.253.0/28
Degree 5: 185.8.179.32/28 (sound), 5.255.80.0/28, 37.1.200.0/27
Degree 6: 91.198.106.160/27 (sound)

--- Base cycles ---
N104, S42, N110, S44
N128, S53, N131, S54
N128, S56, N138, S60
N128, S57, N141, S58 (B)
N128, S57, N145, S61
N23, S1, N82, S23
N30, S3, N32, S5
N82, S24, N117, S50
N82, T26, N85, T28, N86, T30, N104, T27
N82, T27, N104, T30, N86, T28, N85, S36
N85, S26, N104, T30, N86, T28
N85, S27, N104, T30, N86, T28
N85, S29, N97, S34 (B)
N85, S33, N97, S34 (B)
N85, T28, N86, T30, N104, S30
N85, T28, N86, T30, N104, S31
N85, T28, N86, T30, N104, S33
N85, T28, N86, T30, N104, S34 (B)
N85, T28, N86, T30, N104, S35 (B)
