--- About the graph ---
Total of vertices (all kinds): 300
Hypothetic vertices: 54 / 300 (18.000000%)
Subnet vertices: 144 / 300 (48.000000%)
Known subnet vertices: 90 / 144 (62.500000%)

--- Subnet mappings ---
S1 = 74.201.136.64/30
S2 = 74.201.137.64/30
S3 = 216.52.95.0/26
S4 = 216.52.95.64/26
S5 = 63.251.27.48/30
S6 = 64.74.245.12/30
S7 = 74.201.131.192/31
S8 = 74.201.138.16/30
S9 = 74.201.150.224/29
S10 = 75.98.56.0/26
S11 = 162.248.95.248/29
S12 = 74.201.136.8/30
S13 = 64.74.240.192/30
S14 = 74.201.136.16/30
S15 = 64.74.240.224/30
S16 = 64.74.245.240/29
S17 = 64.94.177.0/30
S18 = 64.94.177.16/30
S19 = 64.95.46.176/30
S20 = 64.95.46.180/30
S21 = 70.42.41.248/29
S22 = 70.42.45.20/30
S23 = 74.201.139.204/30
S24 = 74.201.164.8/30
S25 = 74.201.179.40/30
S26 = 74.201.195.88/30
S27 = 74.201.198.16/30
S28 = 74.217.50.16/29
S29 = 74.217.55.160/30
S30 = 64.94.185.0/25
S31 = 74.201.136.92/30
S32 = 74.201.136.200/30
S33 = 74.201.254.252/30
S34 = 74.217.54.96/29
S35 = 64.74.245.60/30
S36 = 64.74.244.36/30
S37 = 64.74.240.208/29
S38 = 64.94.190.232/30
S39 = 74.201.208.56/30
S40 = 74.201.254.240/30
S41 = 74.217.160.0/23
S42 = 216.52.93.92/30
S43 = 74.201.138.0/30
S44 = 64.74.242.92/30
S45 = 75.98.62.224/30
S46 = 74.201.252.0/30
S47 = 74.201.254.224/30
S48 = 64.94.177.68/30
S49 = 74.201.138.80/30
S50 = 64.74.242.108/30
S51 = 70.42.41.24/30
S52 = 70.42.45.120/30
S53 = 74.201.254.48/29
S54 = 74.201.254.108/30
S55 = 74.217.49.132/30
S56 = 74.217.49.168/30
S57 = 74.217.49.176/30
S58 = 74.217.50.24/30
S59 = 74.201.152.96/30
S60 = 74.201.254.84/30
S61 = 74.201.254.80/30
S62 = 74.217.51.24/30
S63 = 75.98.40.40/29
S64 = 64.74.252.192/26
S65 = 74.201.129.180/30
S66 = 74.201.129.248/30
S67 = 74.201.138.20/30
S68 = 104.153.107.128/25
S69 = 74.201.136.20/30
S70 = 74.201.136.12/30
S71 = 74.201.181.228/30
S72 = 64.74.240.240/30
S73 = 70.42.47.32/30
S74 = 63.251.17.48/30
S75 = 64.74.240.232/30
S76 = 64.94.177.8/30
S77 = 74.201.164.152/30
S78 = 74.217.51.8/29
S79 = 64.94.177.196/30
S80 = 64.95.47.84/30
S81 = 216.52.93.228/30
S82 = 70.42.39.144/29
S83 = 74.201.138.84/30
S84 = 74.217.49.236/30
S85 = 75.98.62.228/30
S86 = 216.52.91.0/25
S87 = 74.201.138.4/30
S88 = 74.201.254.96/29
S89 = 74.201.253.52/30
S90 = 64.94.189.192/26

--- Top (neighborhood) degrees ---
Degree 1: 120 neighborhoods
Degree 2: 70 neighborhoods
Degree 3: 25 neighborhoods
Degree 4: 20 neighborhoods
Degree 5: N177, N178, N181, N209, N226, N252, N283
Degree 6: N204, N288
Degree 7: N171, N240, N279
Degree 8: N146, N218, N244
Degree 9: N243
Degree 12: N287
Degree 13: N220, N263
Degree 14: N195
Degree 15: N261, N272
Degree 17: N259
Degree 19: N162, N163, N270
Degree 20: N232, N265, N267
Degree 22: N256
Degree 28: N208
Degree 30: N234, N271
Degree 33: N144
Degree 35: N141
Degree 39: N229
Degree 41: N245
Degree 44: N142
Degree 47: N266
Degree 48: N143, N251
Degree 51: N268
Degree 52: N176
Degree 58: N135
Degree 61: N186
Degree 65: N145, N194
Degree 72: N156
Degree 90: N18
Degree 94: N137
Degree 123: N136
Degree 215: N231
Degree 216: N155

--- Bottom (subnet) degrees ---
Degree 1: 2038 subnets
Degree 2: 81 subnets
Degree 3: 74.201.136.64/30 (sound), 64.95.46.180/30 (sound), 64.94.185.0/25, 64.74.240.208/29, 74.217.160.0/23, 74.201.131.192/31, 216.52.91.0/25 (sound), 74.201.254.96/29
Degree 7: 216.52.95.0/26 (sound)

--- Base cycles ---
N133, T1, N134, S1, N145, S41, N186, S43, N194, T13, N200, T23, N256, S88, N251, S86, N261, S4, N144, T3
N144, S3, N251, S86, N261, S4
N144, S4, N261, S86, N251, S88, N256, T23, N200, T13, N194, S43, N186, S37
N145, S3, N186, S41
N145, S3, N229, S7 (B)
N145, S7 (B), N229, S69, N232, T17, N177, T11, N176, S14
N145, S7 (B), N229, S70, N234, S20, N156, S12
N176, T11, N177, T17, N232, S30
N186, S3, N251, S88, N256, T23, N200, T13, N194, S43
N251, S87, N256, S88
