--- About the graph ---
Total of vertices (all kinds): 300
Hypothetic vertices: 54 / 300 (18.000000%)
Subnet vertices: 144 / 300 (48.000000%)
Known subnet vertices: 90 / 144 (62.500000%)

--- Subnet mappings ---
S1 = 104.153.107.128/25
S2 = 162.248.95.248/29
S3 = 216.52.91.0/25
S4 = 216.52.93.228/30
S5 = 216.52.93.92/30
S6 = 216.52.95.0/26
S7 = 216.52.95.64/26
S8 = 63.251.17.48/30
S9 = 63.251.27.48/30
S10 = 64.74.240.192/30
S11 = 64.74.240.208/29
S12 = 64.74.240.224/30
S13 = 64.74.240.232/30
S14 = 64.74.240.240/30
S15 = 64.74.242.108/30
S16 = 64.74.242.92/30
S17 = 64.74.244.36/30
S18 = 64.74.245.12/30
S19 = 64.74.245.240/29
S20 = 64.74.245.60/30
S21 = 64.74.252.192/26
S22 = 64.94.177.0/30
S23 = 64.94.177.16/30
S24 = 64.94.177.196/30
S25 = 64.94.177.68/30
S26 = 64.94.177.8/30
S27 = 64.94.185.0/25
S28 = 64.94.189.192/26
S29 = 64.94.190.232/30
S30 = 64.95.46.176/30
S31 = 64.95.46.180/30
S32 = 64.95.47.84/30
S33 = 70.42.39.144/29
S34 = 70.42.41.24/30
S35 = 70.42.41.248/29
S36 = 70.42.45.120/30
S37 = 70.42.45.20/30
S38 = 70.42.47.32/30
S39 = 74.201.129.180/30
S40 = 74.201.129.248/30
S41 = 74.201.131.192/31
S42 = 74.201.136.12/30
S43 = 74.201.136.16/30
S44 = 74.201.136.20/30
S45 = 74.201.136.200/30
S46 = 74.201.136.64/30
S47 = 74.201.136.8/30
S48 = 74.201.136.92/30
S49 = 74.201.137.64/30
S50 = 74.201.138.0/30
S51 = 74.201.138.16/30
S52 = 74.201.138.20/30
S53 = 74.201.138.4/30
S54 = 74.201.138.80/30
S55 = 74.201.138.84/30
S56 = 74.201.139.204/30
S57 = 74.201.150.224/29
S58 = 74.201.152.96/30
S59 = 74.201.164.152/30
S60 = 74.201.164.8/30
S61 = 74.201.179.40/30
S62 = 74.201.181.228/30
S63 = 74.201.195.88/30
S64 = 74.201.198.16/30
S65 = 74.201.208.56/30
S66 = 74.201.252.0/30
S67 = 74.201.253.52/30
S68 = 74.201.254.108/30
S69 = 74.201.254.224/30
S70 = 74.201.254.240/30
S71 = 74.201.254.252/30
S72 = 74.201.254.48/29
S73 = 74.201.254.80/30
S74 = 74.201.254.84/30
S75 = 74.201.254.96/29
S76 = 74.217.160.0/23
S77 = 74.217.49.132/30
S78 = 74.217.49.168/30
S79 = 74.217.49.176/30
S80 = 74.217.49.236/30
S81 = 74.217.50.16/29
S82 = 74.217.50.24/30
S83 = 74.217.51.24/30
S84 = 74.217.51.8/29
S85 = 74.217.54.96/29
S86 = 74.217.55.160/30
S87 = 75.98.40.40/29
S88 = 75.98.56.0/26
S89 = 75.98.62.224/30
S90 = 75.98.62.228/30

--- Degree analysis ---
New figure saved in AS13789_08-09-2020_bip_degree_CDFs.pdf
New figure saved in AS13789_08-09-2020_bip_top_local_density.pdf
Maximum top (neighborhood) degree: 216
Maximum bottom (subnet) degree: 216

--- Base cycles ---
New figure saved in AS13789_08-09-2020_bip_cycles.pdf
N133, T1, N134, S1, N145, S3, N144, T3
N145, S3, N229, S69, N232, T17, N177, T11, N176, S14
N176, T11, N177, T17, N232, S30
N186, S3, N251, S87, N256, T23, N200, T13, N194, S43
