--- About the graph ---
Total of vertices (all kinds): 277
Hypothetic vertices: 46 / 277 (16.606498%)
Subnet vertices: 131 / 277 (47.292419%)
Known subnet vertices: 85 / 131 (64.885496%)

--- Subnet mappings ---
S1 = 74.201.136.64/30
S2 = 216.52.95.64/26
S3 = 216.52.95.0/26
S4 = 64.74.245.12/30
S5 = 74.201.131.192/31
S6 = 74.201.138.16/30
S7 = 74.201.150.224/29
S8 = 162.248.95.240/28
S9 = 74.201.136.8/30
S10 = 74.201.136.16/30
S11 = 64.74.240.192/29
S12 = 74.201.164.148/30
S13 = 64.74.240.224/30
S14 = 64.74.245.244/30
S15 = 64.94.164.100/30
S16 = 64.94.177.0/30
S17 = 64.94.177.16/30
S18 = 64.95.46.176/30
S19 = 64.95.46.180/30
S20 = 70.42.41.248/29
S21 = 70.42.45.20/30
S22 = 74.201.139.204/30
S23 = 74.201.152.118/31
S24 = 74.201.164.8/30
S25 = 74.201.179.40/30
S26 = 74.201.195.88/30
S27 = 74.201.198.16/30
S28 = 74.201.254.48/30
S29 = 74.217.50.16/29
S30 = 74.217.55.160/30
S31 = 64.74.243.196/30
S32 = 74.201.136.92/30
S33 = 74.201.136.200/30
S34 = 74.201.254.252/30
S35 = 74.217.54.96/29
S36 = 74.201.137.64/30
S37 = 70.42.39.144/29
S38 = 64.74.240.208/29
S39 = 64.94.190.232/30
S40 = 74.201.138.32/30
S41 = 74.201.138.48/30
S42 = 74.201.254.64/28
S43 = 74.201.254.240/30
S44 = 75.98.62.224/30
S45 = 74.201.138.0/30
S46 = 74.201.138.80/30
S47 = 74.201.254.224/30
S48 = 64.94.177.68/30
S49 = 64.74.242.92/30
S50 = 70.42.41.24/30
S51 = 70.42.45.120/30
S52 = 74.201.254.108/30
S53 = 74.217.49.168/30
S54 = 74.217.49.176/30
S55 = 74.217.50.24/30
S56 = 74.201.152.96/30
S57 = 74.201.254.84/30
S58 = 74.201.254.80/30
S59 = 74.217.51.24/30
S60 = 75.98.40.40/29
S61 = 74.201.129.180/30
S62 = 74.201.129.248/30
S63 = 64.74.252.192/26
S64 = 64.74.254.68/30
S65 = 74.201.138.20/30
S66 = 104.153.107.128/25
S67 = 74.201.136.20/30
S68 = 74.201.136.12/30
S69 = 70.42.47.32/30
S70 = 63.251.17.48/30
S71 = 64.74.240.232/30
S72 = 64.94.177.8/30
S73 = 74.201.164.152/30
S74 = 74.217.51.8/29
S75 = 74.201.138.36/30
S76 = 74.201.138.52/30
S77 = 74.217.49.236/30
S78 = 216.52.90.0/23
S79 = 74.201.138.4/30
S80 = 74.201.138.84/30
S81 = 74.201.136.72/30
S82 = 74.201.254.96/29
S83 = 70.42.41.48/30
S84 = 64.94.189.128/25
S85 = 74.217.227.240/28

--- Top (neighborhood) degrees ---
Degree 1: 117 neighborhoods
Degree 2: 62 neighborhoods
Degree 3: 22 neighborhoods
Degree 4: 16 neighborhoods
Degree 5: N120, N169, N202, N205, N243
Degree 6: N165, N191, N198, N210, N230, N260, N270
Degree 7: N156, N241, N258
Degree 8: N11, N170
Degree 9: N218, N231
Degree 11: N269
Degree 13: N250
Degree 14: N254, N261
Degree 15: N246, N256
Degree 17: N134, N178
Degree 18: N244
Degree 22: N125, N147
Degree 23: N237
Degree 24: N126, N223
Degree 25: N148
Degree 29: N245
Degree 36: N220
Degree 38: N201, N225
Degree 40: N130
Degree 44: N160
Degree 47: N232
Degree 50: N257
Degree 52: N255
Degree 53: N193
Degree 54: N184
Degree 66: N172
Degree 75: N133, N15
Degree 77: N140
Degree 122: N174
Degree 131: N173
Degree 191: N139
Degree 197: N222

--- Bottom (subnet) degrees ---
Degree 1: 1908 subnets
Degree 2: 76 subnets
Degree 3: 74.201.136.64/30 (sound), 64.95.46.180/30 (sound), 74.201.152.118/31, 64.74.240.208/29, 74.201.254.64/28 (sound), 74.201.131.192/31, 216.52.90.0/23, 74.201.254.96/29
Degree 6: 216.52.95.0/26 (sound)

--- Base cycles ---
N127, S1, N133, S3, N130, T4, N128, T2
N127, S1, N133, S9, N140, S23 (B), N225, S68, N220, S67, N223, T20, N161, T8, N160, S42, N184, S38, N130, T4, N128, T2
N130, S3, N232, S78
N133, S3, N220, S68, N225, S23 (B), N140, S9
N133, S5 (B), N220, S68, N225, S23 (B), N140, S9
N133, S9, N140, S23 (B), N225, S68, N220, S67, N223, T20, N161, T8, N160, S10
N140, S19, N225, S23 (B)
N160, T8, N161, T20, N223, S67, N220, S3, N184, S42
N232, S79, N237, S82
