--- About the graph ---
Total of vertices (all kinds): 314
Hypothetic vertices: 80 / 314 (25.477707%)
Subnet vertices: 148 / 314 (47.133758%)
Known subnet vertices: 68 / 148 (45.945946%)

--- Subnet mappings ---
S1 = 103.196.240.0/28
S2 = 146.185.253.0/28
S3 = 178.21.16.72/31
S4 = 178.21.17.172/31
S5 = 185.116.166.0/27
S6 = 185.12.13.64/27
S7 = 185.14.16.0/20
S8 = 185.53.160.132/30
S9 = 185.53.161.186/31
S10 = 185.53.162.224/29
S11 = 185.53.163.40/31
S12 = 185.8.176.16/28
S13 = 185.8.177.32/31
S14 = 185.8.179.32/31
S15 = 185.8.179.34/31
S16 = 185.8.179.36/30
S17 = 188.120.33.0/25
S18 = 188.120.35.128/27
S19 = 193.23.143.192/28
S20 = 193.23.143.224/27
S21 = 193.23.143.70/31
S22 = 193.23.143.88/29
S23 = 194.247.30.108/30
S24 = 194.247.30.160/30
S25 = 194.247.31.16/29
S26 = 194.247.31.8/30
S27 = 194.247.31.80/29
S28 = 217.12.201.0/26
S29 = 31.186.174.32/29
S30 = 31.186.174.44/30
S31 = 31.186.174.80/28
S32 = 37.1.200.2/31
S33 = 37.1.200.4/30
S34 = 37.1.201.8/29
S35 = 37.49.228.137/32
S36 = 46.243.152.0/23
S37 = 46.243.155.160/28
S38 = 46.249.35.0/27
S39 = 46.249.36.40/30
S40 = 46.249.36.48/30
S41 = 46.249.38.0/26
S42 = 46.249.38.160/27
S43 = 46.249.47.16/29
S44 = 46.249.55.192/31
S45 = 46.249.63.240/29
S46 = 5.178.67.0/29
S47 = 5.178.67.24/31
S48 = 5.255.64.192/27
S49 = 5.255.66.224/28
S50 = 5.255.80.0/28
S51 = 5.255.82.0/26
S52 = 5.255.94.0/24
S53 = 5.255.95.96/27
S54 = 5.45.66.0/28
S55 = 5.45.70.0/29
S56 = 5.45.70.8/31
S57 = 91.195.81.104/29
S58 = 91.198.106.128/28
S59 = 91.198.106.144/28
S60 = 91.198.106.16/30
S61 = 91.198.106.160/27
S62 = 91.198.106.232/30
S63 = 91.198.106.36/30
S64 = 91.198.106.64/26
S65 = 93.158.201.176/29
S66 = 93.158.217.144/30
S67 = 93.158.217.184/29
S68 = 93.158.222.68/30

--- Degree analysis ---
New figure saved in AS50673_06-03-2020_bip_degree_CDFs.pdf
New figure saved in AS50673_06-03-2020_bip_top_local_density.pdf
Maximum top (neighborhood) degree: 572
Maximum bottom (subnet) degree: 572

--- Base cycles ---
New figure saved in AS50673_06-03-2020_bip_cycles.pdf
N30, T4, N92, S22, N102, T5
N92, S17, N102, S22
N92, S18, N102, S22
N92, S19, N102, S22
N92, S20, N102, S22
N92, S22, N102, S23
N92, S22, N102, T32, N93, T30
