--- About the graph ---
Total of vertices (all kinds): 316
Hypothetic vertices: 80 / 316 (25.316456%)
Subnet vertices: 148 / 316 (46.835443%)
Known subnet vertices: 68 / 148 (45.945946%)

--- Subnet mappings ---
S1 = 185.8.179.36/30
S2 = 5.178.67.24/31
S3 = 37.49.228.137/32
S4 = 46.249.63.240/29
S5 = 185.8.179.32/31
S6 = 185.8.179.34/31
S7 = 185.8.177.32/31
S8 = 185.53.163.40/31
S9 = 46.249.55.192/31
S10 = 185.53.161.186/31
S11 = 5.45.66.0/28
S12 = 5.45.70.0/29
S13 = 5.45.70.8/31
S14 = 37.1.200.2/31
S15 = 37.1.200.4/30
S16 = 37.1.201.8/29
S17 = 5.255.94.0/24
S18 = 5.255.95.96/27
S19 = 178.21.17.172/31
S20 = 185.8.176.16/28
S21 = 185.53.160.132/30
S22 = 185.53.162.224/29
S23 = 185.116.166.0/27
S24 = 103.196.240.0/28
S25 = 5.255.64.192/27
S26 = 5.255.66.224/28
S27 = 5.255.82.0/26
S28 = 46.249.36.40/30
S29 = 46.249.36.48/30
S30 = 46.249.47.16/29
S31 = 91.195.81.104/29
S32 = 93.158.201.176/29
S33 = 93.158.217.144/30
S34 = 93.158.222.68/30
S35 = 185.12.13.64/27
S36 = 5.178.67.0/29
S37 = 5.255.80.0/28
S38 = 31.186.174.32/29
S39 = 31.186.174.44/30
S40 = 31.186.174.80/28
S41 = 46.249.35.0/27
S42 = 93.158.217.184/29
S43 = 146.185.253.0/28
S44 = 178.21.16.72/31
S45 = 46.249.38.0/26
S46 = 46.249.38.160/27
S47 = 46.243.152.0/23
S48 = 46.243.155.160/28
S49 = 188.120.33.0/25
S50 = 188.120.35.128/27
S51 = 185.14.16.0/20
S52 = 217.12.201.0/26
S53 = 91.198.106.16/30
S54 = 91.198.106.36/30
S55 = 91.198.106.64/26
S56 = 91.198.106.128/28
S57 = 91.198.106.144/28
S58 = 91.198.106.160/27
S59 = 91.198.106.232/30
S60 = 193.23.143.70/31
S61 = 193.23.143.88/29
S62 = 193.23.143.192/28
S63 = 193.23.143.224/27
S64 = 194.247.30.108/30
S65 = 194.247.30.160/30
S66 = 194.247.31.8/30
S67 = 194.247.31.16/29
S68 = 194.247.31.80/29

--- Top (neighborhood) degrees ---
Degree 1: 20 neighborhoods
Degree 2: 48 neighborhoods
Degree 3: 23 neighborhoods
Degree 4: N122, N126, N14, N147, N150, N168, N37, N55
Degree 5: N124, N134, N136, N143, N145, N176, N28, N78, N99
Degree 6: N179, N180, N49, N53
Degree 7: N113, N140, N141, N31, N58, N77, N93
Degree 8: N139, N184, N48, N97, N98
Degree 9: N130, N131, N27
Degree 10: N104, N135, N33
Degree 11: N132, N133, N186
Degree 12: N91
Degree 13: N114, N115, N158, N175, N189, N190
Degree 14: N154, N170, N174, N185
Degree 16: N187, N79
Degree 17: N182
Degree 18: N181, N183, N191, N73
Degree 19: N118, N18
Degree 21: N63
Degree 23: N171, N71
Degree 24: N75
Degree 26: N85
Degree 28: N149
Degree 30: N70
Degree 32: N36, N60
Degree 33: N89
Degree 34: N172
Degree 35: N66, N81
Degree 38: N84
Degree 39: N62
Degree 42: N169, N25
Degree 44: N88
Degree 47: N90
Degree 49: N80
Degree 52: N87
Degree 53: N67
Degree 59: N72, N76
Degree 64: N82
Degree 71: N74
Degree 79: N68
Degree 85: N86
Degree 88: N83
Degree 89: N17
Degree 99: N69
Degree 107: N32
Degree 108: N39
Degree 194: N30
Degree 240: N92
Degree 247: N102
Degree 375: N59
Degree 554: N105
Degree 573: N125

--- Bottom (subnet) degrees ---
Degree 1: 4302 subnets
Degree 2: 33 subnets
Degree 3: 28 subnets
Degree 4: 37.1.200.2/31, 46.249.36.40/30 (sound), 46.249.36.48/30 (sound), 146.185.253.0/28 (sound), 91.198.106.64/26
Degree 5: 5.255.80.0/28
Degree 6: 91.198.106.160/27

--- Base cycles ---
N105, S28, N114, S29
N125, S38, N134, S40
N169, S55, N172, S62
N169, S56, N172, S62
N169, S58, N181, S65
N169, S59, N183, S60 (B)
N169, S59, N187, S63
N169, S66, N191, S67
N30, T4, N92, S22, N102, T5
N92, S17, N102, S22
N92, S18, N102, S22
N92, S19 (B), N102, S22
N92, S20, N102, S22
N92, S22, N102, S23
N92, S22, N102, T32, N93, T30
