--- About the graph ---
Total of vertices (all kinds): 251
Hypothetic vertices: 51 / 251 (20.318725%)
Subnet vertices: 115 / 251 (45.816733%)
Known subnet vertices: 64 / 115 (55.652174%)

--- Subnet mappings ---
S1 = 103.196.240.0/28
S2 = 146.185.253.0/28
S3 = 178.21.16.72/31
S4 = 178.21.17.160/28
S5 = 185.116.166.0/28
S6 = 185.12.13.64/27
S7 = 185.53.160.128/28
S8 = 185.53.162.224/27
S9 = 185.53.163.128/29
S10 = 185.53.163.40/31
S11 = 185.53.163.42/31
S12 = 185.8.176.16/28
S13 = 185.8.177.32/29
S14 = 185.8.179.32/28
S15 = 188.120.33.0/25
S16 = 188.120.34.0/24
S17 = 188.120.35.136/29
S18 = 193.23.143.200/29
S19 = 193.23.143.224/27
S20 = 193.23.143.70/31
S21 = 193.23.143.88/29
S22 = 194.247.30.108/30
S23 = 194.247.30.160/30
S24 = 194.247.31.16/29
S25 = 194.247.31.8/30
S26 = 194.247.31.80/29
S27 = 31.186.174.32/29
S28 = 31.186.174.44/30
S29 = 31.186.174.80/28
S30 = 37.1.200.0/27
S31 = 37.1.201.8/30
S32 = 46.243.152.0/23
S33 = 46.243.155.128/26
S34 = 46.249.35.0/25
S35 = 46.249.36.36/30
S36 = 46.249.36.40/30
S37 = 46.249.36.48/30
S38 = 46.249.38.6/31
S39 = 46.249.47.20/31
S40 = 46.249.55.192/31
S41 = 46.249.63.240/28
S42 = 5.178.67.0/29
S43 = 5.178.67.24/31
S44 = 5.255.64.192/27
S45 = 5.255.66.232/29
S46 = 5.255.80.0/28
S47 = 5.255.82.20/30
S48 = 5.255.95.96/29
S49 = 5.45.66.0/28
S50 = 5.45.70.0/29
S51 = 5.45.70.8/30
S52 = 91.195.80.56/29
S53 = 91.195.81.96/28
S54 = 91.198.106.0/27
S55 = 91.198.106.128/28
S56 = 91.198.106.144/28
S57 = 91.198.106.160/27
S58 = 91.198.106.232/30
S59 = 91.198.106.36/30
S60 = 91.198.106.64/26
S61 = 93.158.201.160/27
S62 = 93.158.217.144/30
S63 = 93.158.217.96/31
S64 = 93.158.222.68/30

--- Degree analysis ---
New figure saved in AS50673_15-01-2020_bip_degree_CDFs.pdf
New figure saved in AS50673_15-01-2020_bip_top_local_density.pdf
Maximum top (neighborhood) degree: 652
Maximum bottom (subnet) degree: 652

--- Base cycles ---
New figure saved in AS50673_15-01-2020_bip_cycles.pdf
N20, T1, N84, S33, N107, T2
N84, S24, N107, S33
N84, S26, N107, S33
N84, S30, N107, S33
N84, S31, N107, S33
N84, S33, N107, S34
