--- About the graph ---
Total of vertices (all kinds): 289
Hypothetic vertices: 50 / 289 (17.301038%)
Subnet vertices: 139 / 289 (48.096886%)
Known subnet vertices: 89 / 139 (64.028777%)

--- Subnet mappings ---
S1 = 64.94.189.192/26
S2 = 74.201.136.64/30
S3 = 216.52.95.0/26
S4 = 216.52.95.64/26
S5 = 63.251.27.48/30
S6 = 64.74.245.12/30
S7 = 74.201.131.192/31
S8 = 74.201.138.16/30
S9 = 74.201.150.224/29
S10 = 75.98.56.0/26
S11 = 162.248.95.248/29
S12 = 74.201.136.8/30
S13 = 64.74.240.192/30
S14 = 74.201.136.16/30
S15 = 74.201.181.224/30
S16 = 64.74.240.224/30
S17 = 64.74.245.240/29
S18 = 64.94.177.0/30
S19 = 64.94.177.16/30
S20 = 64.95.46.176/30
S21 = 70.42.41.248/29
S22 = 70.42.45.20/30
S23 = 74.201.139.204/30
S24 = 74.201.164.8/30
S25 = 74.201.179.40/30
S26 = 74.201.195.88/30
S27 = 74.201.198.16/30
S28 = 74.217.50.16/29
S29 = 74.217.55.160/30
S30 = 64.94.185.0/25
S31 = 70.42.47.32/30
S32 = 74.201.136.92/30
S33 = 74.201.136.200/30
S34 = 74.201.254.252/30
S35 = 74.217.54.96/29
S36 = 64.74.245.60/30
S37 = 64.74.244.36/30
S38 = 74.201.137.64/30
S39 = 64.74.240.208/29
S40 = 64.94.190.232/30
S41 = 74.201.138.84/30
S42 = 74.201.208.56/30
S43 = 74.201.254.240/30
S44 = 74.217.49.236/30
S45 = 74.217.160.0/23
S46 = 75.98.62.228/30
S47 = 216.52.91.0/25
S48 = 216.52.93.92/30
S49 = 74.201.138.0/30
S50 = 64.74.242.92/30
S51 = 75.98.62.224/30
S52 = 74.201.138.4/30
S53 = 74.201.252.0/30
S54 = 74.201.254.224/30
S55 = 64.94.177.68/30
S56 = 74.201.138.80/30
S57 = 64.74.242.108/30
S58 = 70.42.41.24/30
S59 = 70.42.45.120/30
S60 = 74.201.254.48/29
S61 = 74.201.254.108/30
S62 = 74.217.49.132/30
S63 = 74.217.49.168/30
S64 = 74.217.49.176/30
S65 = 74.217.50.24/30
S66 = 74.201.152.96/30
S67 = 74.201.254.84/30
S68 = 74.217.51.24/30
S69 = 75.98.40.40/29
S70 = 74.201.254.96/29
S71 = 64.74.252.192/26
S72 = 74.201.129.180/30
S73 = 74.201.129.248/30
S74 = 74.201.138.20/30
S75 = 104.153.107.128/25
S76 = 74.201.136.20/30
S77 = 74.201.136.12/30
S78 = 64.74.240.240/30
S79 = 63.251.17.48/30
S80 = 64.74.240.232/30
S81 = 64.94.177.8/30
S82 = 74.201.164.152/30
S83 = 74.217.51.8/29
S84 = 64.94.177.196/30
S85 = 64.95.47.84/30
S86 = 216.52.93.228/30
S87 = 70.42.39.144/29
S88 = 74.201.252.196/30
S89 = 74.201.253.52/30

--- Top (neighborhood) degrees ---
Degree 1: 112 neighborhoods
Degree 2: 70 neighborhoods
Degree 3: 22 neighborhoods
Degree 4: 25 neighborhoods
Degree 5: N173, N177, N218, N220
Degree 6: N137, N213, N264, N4
Degree 7: N132, N166, N248, N249, N250
Degree 9: N225, N263
Degree 10: N143
Degree 13: N230
Degree 14: N203, N261, N273
Degree 15: N267
Degree 16: N265
Degree 18: N258
Degree 21: N227
Degree 26: N257, N270, N271
Degree 28: N217, N242
Degree 33: N141
Degree 42: N239
Degree 43: N251
Degree 47: N268
Degree 52: N266
Degree 64: N142
Degree 65: N202
Degree 69: N152
Degree 73: N171, N182
Degree 85: N190
Degree 90: N15
Degree 128: N184
Degree 135: N183
Degree 208: N151
Degree 214: N241

--- Bottom (subnet) degrees ---
Degree 1: 1910 subnets
Degree 2: 75 subnets
Degree 3: 13 subnets
Degree 6: 216.52.95.0/26 (sound)

--- Base cycles ---
N136, S2, N142, S3, N141, T9, N137, T7
N136, S2, N142, S45, N190, S47, N261, S88, N258, S4, N141, T9, N137, T7
N141, S3, N261, S88, N258, S4
N141, S4, N258, S88, N261, S47, N190, S39
N142, S11, N241, S75
N142, S14, N171, S76, N239, S75
N142, S3, N239, S75
N190, S3, N261, S47
N190, S41, N257, S4, N258, S88, N261, S47
N190, S44, N257, S4, N258, S88, N261, S47
N190, S46, N257, S4, N258, S88, N261, S47
N190, S47, N261, S88, N258, S4, N257, S52
N190, S49, N202, T18, N209, T21, N227, S70
N190, S52, N227, S70
