--- About the graph ---
Total of vertices (all kinds): 297
Hypothetic vertices: 48 / 297 (16.161616%)
Subnet vertices: 143 / 297 (48.148148%)
Known subnet vertices: 95 / 143 (66.433566%)

--- Subnet mappings ---
S1 = 64.94.189.192/26
S2 = 216.52.95.0/26
S3 = 64.74.240.208/28
S4 = 64.94.190.232/30
S5 = 74.201.208.56/30
S6 = 74.201.252.4/30
S7 = 74.201.254.240/30
S8 = 74.217.160.0/26
S9 = 216.52.93.92/30
S10 = 74.201.138.0/30
S11 = 64.74.242.92/30
S12 = 75.98.62.224/30
S13 = 74.201.252.0/30
S14 = 74.201.138.80/30
S15 = 64.74.242.108/30
S16 = 70.42.41.24/30
S17 = 70.42.45.120/30
S18 = 74.201.153.128/29
S19 = 74.201.248.64/27
S20 = 74.201.254.48/29
S21 = 74.201.254.108/30
S22 = 74.217.49.168/30
S23 = 74.217.49.176/30
S24 = 74.217.49.224/29
S25 = 74.217.50.24/30
S26 = 74.201.152.96/30
S27 = 74.201.254.84/30
S28 = 74.201.254.80/30
S29 = 74.217.51.24/30
S30 = 75.98.40.40/29
S31 = 64.74.254.16/30
S32 = 64.74.254.32/30
S33 = 64.74.254.36/30
S34 = 64.74.254.64/29
S35 = 74.201.129.180/30
S36 = 74.201.129.248/30
S37 = 64.95.47.84/30
S38 = 74.201.132.0/30
S39 = 74.201.164.140/30
S40 = 74.201.253.52/30
S41 = 216.52.93.228/30
S42 = 70.42.39.144/29
S43 = 63.251.20.240/28
S44 = 64.74.245.12/30
S45 = 74.201.131.192/31
S46 = 74.201.138.16/30
S47 = 74.201.150.224/29
S48 = 75.98.56.0/26
S49 = 104.153.107.128/25
S50 = 74.201.136.8/30
S51 = 64.74.240.192/30
S52 = 74.201.136.16/30
S53 = 64.94.172.120/30
S54 = 74.201.136.64/30
S55 = 64.74.240.224/30
S56 = 64.74.245.240/29
S57 = 64.94.177.0/30
S58 = 64.94.177.16/30
S59 = 64.95.46.176/30
S60 = 64.95.46.180/30
S61 = 70.42.41.248/29
S62 = 70.42.45.20/30
S63 = 74.201.139.204/30
S64 = 74.201.179.40/30
S65 = 74.201.195.88/30
S66 = 74.217.50.16/29
S67 = 64.94.185.0/25
S68 = 74.201.136.92/30
S69 = 74.201.136.200/30
S70 = 74.201.254.252/30
S71 = 74.217.54.96/29
S72 = 64.74.245.60/30
S73 = 64.74.244.36/30
S74 = 74.201.137.64/30
S75 = 70.42.74.248/29
S76 = 74.201.138.20/30
S77 = 162.248.95.192/26
S78 = 74.201.136.12/30
S79 = 74.201.136.20/30
S80 = 64.74.240.240/30
S81 = 63.251.17.48/30
S82 = 64.74.240.232/30
S83 = 64.94.177.8/30
S84 = 74.201.132.196/30
S85 = 74.217.51.8/29
S86 = 70.42.47.32/30
S87 = 74.201.138.84/30
S88 = 74.217.49.236/30
S89 = 75.98.62.228/30
S90 = 74.201.138.4/30
S91 = 64.74.245.20/30
S92 = 75.98.32.8/32
S93 = 75.98.33.40/29
S94 = 75.98.33.174/31
S95 = 75.98.32.10/31

--- Top (neighborhood) degrees ---
Degree 1: 99 neighborhoods
Degree 2: 77 neighborhoods
Degree 3: 20 neighborhoods
Degree 4: 23 neighborhoods
Degree 5: N101, N207, N214, N243
Degree 6: N133, N142, N148, N16, N239, N255
Degree 7: N233, N266
Degree 8: N164, N236, N257, N6
Degree 10: N131, N157, N209
Degree 13: N166
Degree 16: N234
Degree 17: N256, N262
Degree 18: N195
Degree 22: N196, N263, N264
Degree 24: N246, N260
Degree 25: N227
Degree 36: N119
Degree 38: N147
Degree 43: N242
Degree 45: N171
Degree 49: N205, N223
Degree 53: N189
Degree 60: N121
Degree 65: N130
Degree 67: N180
Degree 73: N218
Degree 125: N21
Degree 128: N220
Degree 137: N219
Degree 210: N181
Degree 220: N224
Degree 224: N188
Degree 225: N226

--- Bottom (subnet) degrees ---
Degree 1: 2303 subnets
Degree 2: 83 subnets
Degree 3: 11 subnets
Degree 6: 216.52.95.0/26 (sound)

--- Base cycles ---
N119, S2, N121, S3
N119, S2, N121, S8
N121, S2, N242, S90, N246, S19, N130, S10
N180, S2, N223, S49
N180, S2, N223, S77, N226, S43
N180, S2, N223, S78, N227, S60, N189, S50
N180, S2, N223, S79, N234, S67, N205, S52
N188, S49, N223, S75
N223, S75, N224, S77
