--- About the graph ---
Total of vertices (all kinds): 283
Hypothetic vertices: 61 / 283 (21.554770%)
Subnet vertices: 137 / 283 (48.409894%)
Known subnet vertices: 76 / 137 (55.474453%)

--- Subnet mappings ---
S1 = 5.255.95.72/31
S2 = 185.53.161.186/31
S3 = 185.8.177.32/31
S4 = 185.53.163.40/31
S5 = 185.8.177.44/31
S6 = 5.255.95.96/29
S7 = 46.249.60.200/30
S8 = 91.221.69.160/27
S9 = 103.196.240.0/26
S10 = 178.21.17.160/28
S11 = 185.8.176.16/28
S12 = 185.53.162.224/29
S13 = 185.116.166.0/27
S14 = 46.249.38.14/31
S15 = 45.141.247.128/25
S16 = 45.13.59.6/32
S17 = 45.13.59.140/30
S18 = 45.13.59.144/29
S19 = 45.13.59.216/29
S20 = 45.13.59.224/29
S21 = 93.158.217.162/31
S22 = 93.158.217.232/30
S23 = 46.249.55.194/31
S24 = 5.178.67.0/28
S25 = 5.255.64.214/32
S26 = 5.255.66.224/27
S27 = 5.255.80.0/26
S28 = 5.255.82.20/30
S29 = 31.186.174.32/29
S30 = 31.186.174.44/30
S31 = 31.186.174.80/28
S32 = 46.249.36.40/29
S33 = 46.249.45.62/31
S34 = 46.249.47.20/31
S35 = 91.195.81.40/29
S36 = 91.195.81.104/29
S37 = 93.158.201.132/30
S38 = 93.158.201.178/31
S39 = 93.158.217.184/30
S40 = 146.185.253.0/28
S41 = 5.255.66.204/31
S42 = 46.243.152.0/23
S43 = 46.243.155.64/26
S44 = 46.243.191.0/24
S45 = 185.145.24.0/22
S46 = 188.72.68.0/22
S47 = 188.120.32.0/24
S48 = 188.120.33.0/25
S49 = 188.120.34.0/24
S50 = 188.120.35.160/29
S51 = 188.120.46.0/24
S52 = 188.120.47.176/29
S53 = 188.120.47.184/29
S54 = 188.120.47.0/27
S55 = 188.120.35.136/29
S56 = 46.243.189.0/24
S57 = 178.170.154.0/24
S58 = 188.120.44.0/24
S59 = 5.255.95.74/31
S60 = 46.249.63.240/28
S61 = 185.8.177.34/31
S62 = 185.8.177.46/31
S63 = 185.53.160.192/27
S64 = 185.181.165.200/29
S65 = 46.249.60.204/30
S66 = 178.21.16.78/31
S67 = 93.158.217.90/31
S68 = 88.218.132.0/28
S69 = 93.158.222.68/30
S70 = 185.12.13.64/27
S71 = 193.32.168.0/30
S72 = 5.178.67.24/30
S73 = 46.249.55.204/31
S74 = 46.249.55.212/30
S75 = 93.158.217.72/30
S76 = 46.249.55.192/31

--- Top (neighborhood) degrees ---
Degree 1: 11 neighborhoods
Degree 2: 69 neighborhoods
Degree 3: 13 neighborhoods
Degree 4: N13, N130, N154, N25, N28, N34, N35, N43, N98
Degree 5: N15, N61, N76, N79, N84
Degree 6: N12, N152, N153, N41, N74, N75, N81, N91
Degree 7: N142, N151, N159, N93
Degree 8: N161, N37, N78
Degree 9: N30, N80
Degree 10: N1, N127, N133, N62, N77, N82, N83
Degree 11: N52
Degree 12: N58
Degree 13: N3, N44, N57
Degree 14: N33, N40
Degree 15: N39, N68
Degree 16: N66
Degree 19: N65, N87
Degree 21: N140
Degree 22: N141
Degree 36: N144
Degree 38: N129
Degree 41: N50
Degree 49: N49
Degree 54: N46
Degree 58: N17
Degree 61: N48
Degree 62: N47
Degree 84: N135
Degree 90: N26, N94
Degree 352: N155
Degree 354: N54
Degree 414: N139
Degree 428: N32
Degree 640: N67
Degree 657: N146

--- Bottom (subnet) degrees ---
Degree 1: 3831 subnets
Degree 2: 39 subnets
Degree 3: 26 subnets
Degree 4: 45.13.59.140/30 (sound), 5.255.66.224/27 (sound), 46.249.36.40/29, 91.195.81.40/29, 146.185.253.0/28, 185.145.24.0/22 (sound), 188.120.32.0/24 (sound), 193.32.168.0/30 (sound)
Degree 5: 5.255.80.0/26
Degree 6: 46.243.152.0/23
Degree 10: 188.72.68.0/22

--- Base cycles ---
N127, S56, N129, S57
N17, T9, N54, S21 (B)
N33, S35, N146, T40
N54, S17, N61, S19
N94, S41 (B), N146, T44, N155, S76
N94, S52, N127, S57, N129, S54
