--- About the graph ---
Total of vertices (all kinds): 267
Hypothetic vertices: 44 / 267 (16.479401%)
Subnet vertices: 125 / 267 (46.816479%)
Known subnet vertices: 81 / 125 (64.800000%)

--- Subnet mappings ---
S1 = 64.94.189.128/25
S2 = 74.201.64.0/20
S3 = 216.52.95.0/26
S4 = 64.74.245.12/30
S5 = 74.201.131.192/31
S6 = 74.201.138.16/30
S7 = 74.201.150.224/29
S8 = 162.248.95.240/28
S9 = 74.201.136.16/30
S10 = 64.74.240.192/29
S11 = 74.201.136.8/30
S12 = 74.201.164.148/30
S13 = 74.201.136.64/30
S14 = 64.74.243.196/30
S15 = 74.201.136.92/30
S16 = 74.201.136.200/30
S17 = 74.201.254.252/30
S18 = 74.217.54.96/29
S19 = 64.74.240.224/30
S20 = 64.74.245.244/30
S21 = 64.94.177.0/30
S22 = 64.94.177.16/30
S23 = 64.95.46.176/30
S24 = 64.95.46.180/30
S25 = 70.42.41.248/29
S26 = 70.42.45.20/30
S27 = 74.201.139.204/30
S28 = 74.201.164.8/30
S29 = 74.201.179.40/30
S30 = 74.201.195.88/30
S31 = 74.201.198.16/30
S32 = 74.201.254.48/28
S33 = 74.217.50.16/29
S34 = 74.217.55.160/30
S35 = 74.201.137.64/30
S36 = 70.42.39.144/29
S37 = 64.74.240.208/29
S38 = 64.94.190.232/30
S39 = 74.201.254.64/28
S40 = 74.201.254.240/30
S41 = 75.98.62.224/30
S42 = 74.201.138.0/30
S43 = 74.201.138.80/30
S44 = 74.201.254.224/29
S45 = 64.94.177.68/30
S46 = 64.74.242.92/30
S47 = 70.42.41.24/30
S48 = 70.42.45.120/30
S49 = 74.201.254.108/30
S50 = 74.217.49.168/30
S51 = 74.217.49.176/30
S52 = 74.217.50.24/30
S53 = 74.201.152.96/30
S54 = 74.201.254.84/30
S55 = 74.201.254.80/30
S56 = 74.217.51.24/30
S57 = 75.98.40.40/29
S58 = 74.201.129.180/30
S59 = 74.201.129.248/30
S60 = 64.74.252.192/26
S61 = 64.74.254.68/30
S62 = 74.201.138.20/30
S63 = 104.153.107.128/25
S64 = 74.201.136.20/30
S65 = 74.201.136.12/30
S66 = 70.42.47.32/30
S67 = 63.251.17.48/30
S68 = 64.74.240.232/30
S69 = 64.94.177.8/30
S70 = 74.201.152.118/31
S71 = 74.201.164.152/30
S72 = 74.217.51.8/29
S73 = 74.201.138.52/30
S74 = 74.217.49.236/30
S75 = 75.98.62.228/30
S76 = 216.52.90.0/23
S77 = 74.201.138.4/30
S78 = 74.201.138.84/30
S79 = 74.201.136.72/30
S80 = 74.201.254.96/29
S81 = 70.42.41.48/30

--- Top (neighborhood) degrees ---
Degree 1: 116 neighborhoods
Degree 2: 63 neighborhoods
Degree 3: 20 neighborhoods
Degree 4: 16 neighborhoods
Degree 5: N179, N199, N227, N230, N235
Degree 6: N130, N175, N223, N256
Degree 7: N131, N145, N194, N198, N216, N267
Degree 8: N110, N14
Degree 9: N243, N257
Degree 13: N112, N148
Degree 14: N150
Degree 15: N164, N186, N187
Degree 16: N143, N155
Degree 17: N159
Degree 20: N153
Degree 22: N141
Degree 23: N263
Degree 24: N248
Degree 25: N142
Degree 30: N154
Degree 33: N206
Degree 34: N162
Degree 38: N226, N250
Degree 39: N151
Degree 41: N149, N170
Degree 42: N258
Degree 43: N245
Degree 50: N218
Degree 58: N211
Degree 63: N200
Degree 69: N163
Degree 70: N180
Degree 75: N18
Degree 127: N201, N202
Degree 196: N169
Degree 208: N247

--- Bottom (subnet) degrees ---
Degree 1: 1896 subnets
Degree 2: 69 subnets
Degree 3: 11 subnets
Degree 6: 216.52.95.0/26 (sound)

--- Base cycles ---
N162, S3, N211, S37
N162, S3, N258, S76
N163, S11, N180, S32
N163, S3, N211, S44
N163, S3, N245, S65, N250, S70 (B), N180, S32
N163, S32, N180, S70 (B), N250, S65, N245, S63
N163, S32, N180, S70 (B), N250, S65, N245, S64, N248, T28, N171, T16, N170, S39, N211, S44
N163, S8, N247, S63
N163, S9, N170, T16, N171, T28, N248, S64, N245, S65, N250, S70 (B), N180, S32
N180, S24, N250, S70 (B)
N258, S77, N263, S80
