--- About the graph ---
Total of vertices (all kinds): 297
Hypothetic vertices: 60 / 297 (20.202020%)
Subnet vertices: 142 / 297 (47.811448%)
Known subnet vertices: 82 / 142 (57.746479%)

--- Subnet mappings ---
S1 = 216.52.95.0/26
S2 = 216.52.95.64/26
S3 = 64.74.245.12/30
S4 = 74.201.131.192/30
S5 = 74.201.138.16/30
S6 = 74.201.150.224/29
S7 = 74.201.181.224/30
S8 = 75.98.56.0/26
S9 = 162.248.95.248/29
S10 = 74.201.136.8/30
S11 = 64.74.240.192/29
S12 = 74.201.136.16/30
S13 = 74.201.136.64/30
S14 = 64.74.240.224/30
S15 = 64.74.245.240/29
S16 = 64.94.177.0/30
S17 = 64.94.177.16/30
S18 = 64.95.46.176/30
S19 = 70.42.41.248/29
S20 = 70.42.45.20/30
S21 = 74.201.138.76/30
S22 = 74.201.139.204/30
S23 = 74.201.164.8/30
S24 = 74.201.179.40/30
S25 = 74.201.195.88/30
S26 = 74.201.198.16/30
S27 = 74.217.50.16/29
S28 = 74.217.55.160/30
S29 = 64.94.185.0/25
S30 = 74.201.136.92/30
S31 = 74.201.136.200/30
S32 = 74.201.254.252/30
S33 = 74.217.54.96/29
S34 = 64.74.245.60/30
S35 = 64.74.244.36/30
S36 = 74.201.137.64/30
S37 = 64.74.240.208/29
S38 = 64.94.190.232/30
S39 = 74.201.208.56/30
S40 = 74.217.160.0/23
S41 = 216.52.93.92/30
S42 = 74.201.138.0/30
S43 = 64.74.242.92/30
S44 = 75.98.62.224/30
S45 = 74.201.252.0/30
S46 = 74.201.254.224/30
S47 = 74.201.138.80/30
S48 = 64.74.242.108/30
S49 = 70.42.41.24/30
S50 = 70.42.45.120/30
S51 = 74.201.254.48/29
S52 = 74.201.254.108/30
S53 = 74.217.49.132/30
S54 = 74.217.49.168/30
S55 = 74.217.50.24/30
S56 = 74.201.152.96/30
S57 = 74.201.254.84/30
S58 = 74.217.49.176/30
S59 = 74.217.51.24/30
S60 = 75.98.40.40/29
S61 = 74.201.129.180/30
S62 = 74.201.129.248/30
S63 = 74.201.138.20/30
S64 = 104.153.107.128/25
S65 = 74.201.136.20/30
S66 = 74.201.136.12/30
S67 = 64.74.240.240/30
S68 = 70.42.47.32/30
S69 = 63.251.17.48/30
S70 = 64.74.240.232/30
S71 = 64.94.177.8/30
S72 = 74.201.164.152/30
S73 = 74.217.51.8/29
S74 = 64.94.177.196/30
S75 = 70.42.39.144/29
S76 = 74.201.138.84/30
S77 = 75.98.62.228/30
S78 = 74.201.138.4/30
S79 = 74.201.254.96/29
S80 = 74.201.252.196/30
S81 = 74.201.253.52/30
S82 = 64.94.189.192/26

--- Top (neighborhood) degrees ---
Degree 1: 126 neighborhoods
Degree 2: 77 neighborhoods
Degree 3: 13 neighborhoods
Degree 4: 22 neighborhoods
Degree 5: N139, N179, N182, N216, N218, N231, N254, N289
Degree 6: N10, N178, N212
Degree 7: N172, N246, N248, N279
Degree 8: N149, N225
Degree 9: N247, N286
Degree 12: N270
Degree 13: N227
Degree 14: N201, N284
Degree 15: N268, N282
Degree 16: N259, N262
Degree 22: N256
Degree 26: N273, N274
Degree 27: N238
Degree 29: N215, N240
Degree 34: N264
Degree 35: N146
Degree 39: N271
Degree 40: N234, N265
Degree 41: N249
Degree 42: N253
Degree 43: N269
Degree 45: N177
Degree 47: N266
Degree 56: N187
Degree 58: N193
Degree 66: N200
Degree 67: N148
Degree 68: N158
Degree 89: N23
Degree 102: N189
Degree 120: N188
Degree 195: N237
Degree 196: N157

--- Bottom (subnet) degrees ---
Degree 1: 1929 subnets
Degree 2: 75 subnets
Degree 3: 64.94.185.0/25, 64.74.240.208/29, 74.217.160.0/23, 104.153.107.128/25, 74.201.254.96/29, 74.201.252.196/30 (sound)
Degree 7: 216.52.95.0/26 (sound)

--- Base cycles ---
N146, S1, N193, S37
N146, S1, N259, S80, N262, S2
N148, S1, N193, S40
N148, S1, N234, S64
N148, S1, N234, S65, N238, T19, N178, T10, N177, S12
N177, T10, N178, T19, N238, S29
N193, S1, N253, S79, N256, T24, N208, T15, N200, S42
N253, S78, N256, S79
