--- About the graph ---
Total of vertices (all kinds): 263
Hypothetic vertices: 68 / 263 (25.855513%)
Subnet vertices: 130 / 263 (49.429658%)
Known subnet vertices: 62 / 130 (47.692308%)

--- Subnet mappings ---
S1 = 134.222.48.229/32
S2 = 194.122.122.40/30
S3 = 134.222.48.200/31
S4 = 194.122.122.96/30
S5 = 134.222.48.222/31
S6 = 134.222.153.248/31
S7 = 134.222.153.252/31
S8 = 134.222.155.238/31
S9 = 134.222.49.108/31
S10 = 134.222.236.0/29
S11 = 134.222.48.244/31
S12 = 134.222.48.206/31
S13 = 134.222.49.56/31
S14 = 134.222.48.212/31
S15 = 134.222.96.250/31
S16 = 134.222.152.100/31
S17 = 134.222.49.86/31
S18 = 134.222.160.0/21
S19 = 134.222.94.212/30
S20 = 134.222.94.240/31
S21 = 134.222.48.224/31
S22 = 134.222.48.228/32
S23 = 134.222.48.209/32
S24 = 134.222.152.64/31
S25 = 134.222.48.216/31
S26 = 134.222.49.48/31
S27 = 212.189.0.0/22
S28 = 134.222.95.68/30
S29 = 134.222.95.128/25
S30 = 134.222.129.196/30
S31 = 134.222.101.14/31
S32 = 134.222.109.80/28
S33 = 134.222.146.254/31
S34 = 134.222.112.32/28
S35 = 134.222.116.194/31
S36 = 134.222.117.38/31
S37 = 134.222.117.130/31
S38 = 134.222.117.188/31
S39 = 134.222.117.4/31
S40 = 134.222.117.128/31
S41 = 134.222.134.194/31
S42 = 134.222.119.0/26
S43 = 134.222.122.124/30
S44 = 134.222.128.8/30
S45 = 134.222.148.140/31
S46 = 194.122.122.16/30
S47 = 194.122.122.156/30
S48 = 134.222.48.192/31
S49 = 134.222.153.70/31
S50 = 134.222.48.208/32
S51 = 194.122.122.60/30
S52 = 194.122.122.68/30
S53 = 134.222.48.122/31
S54 = 134.222.48.194/31
S55 = 134.222.138.144/28
S56 = 134.222.139.64/26
S57 = 194.122.122.108/30
S58 = 194.122.122.112/30
S59 = 134.222.48.68/31
S60 = 134.222.105.196/30
S61 = 194.122.122.132/30
S62 = 134.222.48.112/31

--- Top (neighborhood) degrees ---
Degree 1: N1, N10, N2, N5, N7
Degree 2: 59 neighborhoods
Degree 3: 17 neighborhoods
Degree 4: N108, N110, N117, N14, N29, N42, N47, N50, N56, N78
Degree 5: N119, N131, N16, N25, N31, N34, N4, N93
Degree 6: N115, N123, N18, N21, N39, N58, N82, N89
Degree 7: N20, N88, N9
Degree 8: N106, N133, N138, N143, N92
Degree 9: N128, N141, N55
Degree 10: N124
Degree 11: N121, N122
Degree 12: N80
Degree 13: N139, N142
Degree 14: N112, N84
Degree 15: N65
Degree 16: N64, N76
Degree 17: N51, N83, N94, N99
Degree 18: N111
Degree 19: N103
Degree 20: N62
Degree 25: N67
Degree 31: N49
Degree 35: N132, N41
Degree 49: N19
Degree 54: N134
Degree 80: N13

--- Bottom (subnet) degrees ---
Degree 1: 688 subnets
Degree 2: 44 subnets
Degree 3: 15 subnets
Degree 4: 134.222.48.224/31, 134.222.48.209/32, 134.222.48.222/31

--- Base cycles ---
N111, S48, N112, S55, N128, S56
N13, S1 (B), N41, S5 (B), N111, S56, N128, S54, N124, S53, N122, S52, N121, T38
N13, T24, N39, S4, N62, S23 (B), N64, S5 (B), N111, S56, N128, S54, N124, S53, N122, S52, N121, T38
N13, T29, N88, S32, N121, T38
N13, T36, N110, S46, N111, S56, N128, S54, N124, S53, N122, S52, N121, T38
N13, T7, N19, S29, N80, T27
N39, S2, N64, S23 (B), N62, S4
N39, S3 (B), N122, S53, N124, S54, N128, S56, N111, S5 (B), N64, S23 (B), N62, S4
N41, S2, N64, S5 (B)
N41, S5 (B), N64, S24 (B)
N41, S5 (B), N64, S25 (B)
N49, S13, N55, S17 (B), N124, S54, N128, S56, N111, S46, N110, S47
N49, S3 (B), N122, S53, N124, S54, N128, S56, N111, S46, N110, S47
N49, S47, N117, S50 (B)
N62, S21 (B), N111, S5 (B), N64, S23 (B)
N62, S22 (B), N64, S23 (B)
N62, S23 (B), N115, S49 (B)
N62, S4, N115, S23 (B)
N63, S21 (B), N111, S46
N64, S5 (B), N111, S21 (B), N115, S23 (B)
