--- About the graph ---
Total of vertices (all kinds): 297
Hypothetic vertices: 55 / 297 (18.518519%)
Subnet vertices: 144 / 297 (48.484848%)
Known subnet vertices: 89 / 144 (61.805556%)

--- Subnet mappings ---
S1 = 64.94.189.192/26
S2 = 74.201.136.64/30
S3 = 74.201.137.64/30
S4 = 216.52.95.0/26
S5 = 63.251.27.48/30
S6 = 64.74.245.12/30
S7 = 74.201.131.192/30
S8 = 74.201.138.16/30
S9 = 74.201.150.224/29
S10 = 75.98.56.0/26
S11 = 162.248.95.248/29
S12 = 74.201.136.8/30
S13 = 64.74.240.192/30
S14 = 74.201.136.16/30
S15 = 64.74.240.224/30
S16 = 64.74.245.240/29
S17 = 64.94.177.0/30
S18 = 64.94.177.16/30
S19 = 64.95.46.176/30
S20 = 64.95.46.180/30
S21 = 70.42.41.248/29
S22 = 70.42.45.20/30
S23 = 74.201.138.76/30
S24 = 74.201.139.204/30
S25 = 74.201.164.8/30
S26 = 74.201.179.40/30
S27 = 74.201.195.88/30
S28 = 74.201.198.16/30
S29 = 74.217.50.16/29
S30 = 74.217.55.160/30
S31 = 64.94.185.0/25
S32 = 74.201.136.92/30
S33 = 74.201.136.200/30
S34 = 74.201.254.252/30
S35 = 74.217.54.96/29
S36 = 64.74.245.60/30
S37 = 64.74.244.36/30
S38 = 64.74.240.208/29
S39 = 64.94.190.232/30
S40 = 74.201.208.56/30
S41 = 74.201.254.28/31
S42 = 74.201.254.240/30
S43 = 74.217.49.236/30
S44 = 74.217.160.0/23
S45 = 75.98.62.228/30
S46 = 216.52.93.92/30
S47 = 74.201.138.0/30
S48 = 64.74.242.92/30
S49 = 75.98.62.224/30
S50 = 74.201.252.0/30
S51 = 64.94.177.68/30
S52 = 74.201.138.80/30
S53 = 64.74.242.108/30
S54 = 70.42.41.24/30
S55 = 70.42.45.120/30
S56 = 74.201.254.48/29
S57 = 74.201.254.96/29
S58 = 74.201.254.108/30
S59 = 74.217.49.132/30
S60 = 74.217.49.168/30
S61 = 74.217.49.176/30
S62 = 74.217.50.24/30
S63 = 74.201.152.96/30
S64 = 74.201.254.84/30
S65 = 74.217.51.24/30
S66 = 75.98.40.40/29
S67 = 64.74.252.192/26
S68 = 74.201.129.176/29
S69 = 74.201.129.248/30
S70 = 74.201.138.84/30
S71 = 216.52.91.0/25
S72 = 74.201.254.224/30
S73 = 74.201.138.20/30
S74 = 74.201.181.228/30
S75 = 104.153.107.128/25
S76 = 74.201.136.20/30
S77 = 74.201.136.12/30
S78 = 64.74.240.240/30
S79 = 70.42.47.32/30
S80 = 63.251.17.48/30
S81 = 64.74.240.232/30
S82 = 64.94.177.8/30
S83 = 74.201.164.152/30
S84 = 74.217.51.8/29
S85 = 64.94.177.196/30
S86 = 64.95.47.84/30
S87 = 74.201.253.52/30
S88 = 216.52.93.228/30
S89 = 70.42.39.144/29

--- Top (neighborhood) degrees ---
Degree 1: 117 neighborhoods
Degree 2: 77 neighborhoods
Degree 3: 17 neighborhoods
Degree 4: 22 neighborhoods
Degree 5: N143, N182, N183, N186, N220, N222
Degree 6: N140, N215
Degree 7: N176, N253, N254, N255, N275, N281, N6
Degree 9: N227
Degree 11: N150
Degree 13: N229, N264, N278
Degree 14: N203
Degree 15: N266, N273
Degree 16: N268
Degree 19: N271
Degree 20: N168
Degree 21: N245
Degree 22: N167
Degree 28: N148, N219
Degree 29: N247
Degree 30: N272
Degree 43: N241
Degree 44: N256
Degree 46: N269
Degree 49: N267
Degree 56: N181
Degree 59: N236
Degree 61: N191
Degree 62: N149
Degree 70: N161
Degree 72: N133
Degree 84: N202
Degree 90: N17
Degree 131: N136
Degree 133: N135
Degree 221: N244
Degree 224: N160

--- Bottom (subnet) degrees ---
Degree 1: 1946 subnets
Degree 2: 66 subnets
Degree 3: 20 subnets
Degree 4: 64.74.240.208/29, 74.217.160.0/23
Degree 6: 216.52.95.0/26 (sound)

--- Base cycles ---
N132, T1, N140, T6, N148, S38, N236, S44, N149, S2
N132, T1, N140, T6, N148, S4, N149, S2
N149, S4, N236, S44
N181, T11, N182, T17, N245, S31
N191, S38, N236, S50
N191, S39, N236, S50
N191, S4, N236, S50
N191, S40, N236, S50
N191, S42, N236, S50
N191, S43, N236, S50
N191, S44, N236, S50
N191, S46, N236, S50
N191, S47, N236, S50
N191, S48, N236, S50
N191, S49, N236, S50
N191, S50, N236, S51
N191, S50, N236, S52
N191, S50, N236, S70
N191, S50, N236, S72
N202, S47, N236, S57
N233, S52, N236, S68
N236, S4, N256, S71
