--- About the graph ---
Total of vertices (all kinds): 282
Hypothetic vertices: 72 / 282 (25.531915%)
Subnet vertices: 139 / 282 (49.290780%)
Known subnet vertices: 67 / 139 (48.201439%)

--- Subnet mappings ---
S1 = 134.222.48.232/31
S2 = 134.222.48.156/31
S3 = 134.222.48.174/31
S4 = 134.222.48.158/31
S5 = 134.222.117.132/31
S6 = 134.222.134.152/31
S7 = 134.222.48.120/31
S8 = 134.222.49.86/31
S9 = 134.222.160.0/21
S10 = 134.222.48.224/31
S11 = 134.222.48.246/31
S12 = 134.222.48.192/31
S13 = 134.222.95.68/30
S14 = 134.222.95.128/25
S15 = 134.222.129.196/30
S16 = 134.222.101.14/31
S17 = 134.222.109.80/28
S18 = 134.222.146.254/31
S19 = 134.222.112.32/28
S20 = 134.222.117.4/31
S21 = 134.222.117.36/31
S22 = 134.222.117.128/31
S23 = 134.222.134.194/31
S24 = 134.222.128.8/30
S25 = 134.222.148.140/31
S26 = 194.122.122.156/30
S27 = 134.222.48.244/31
S28 = 134.222.48.212/31
S29 = 134.222.94.212/30
S30 = 134.222.94.240/31
S31 = 194.122.122.44/30
S32 = 134.222.119.24/31
S33 = 194.122.122.60/30
S34 = 194.122.122.68/30
S35 = 134.222.48.200/31
S36 = 134.222.48.122/31
S37 = 134.222.49.56/31
S38 = 134.222.48.204/30
S39 = 134.222.96.250/31
S40 = 134.222.152.100/31
S41 = 134.222.117.224/31
S42 = 134.222.48.194/31
S43 = 134.222.116.194/31
S44 = 134.222.117.38/31
S45 = 134.222.117.130/31
S46 = 134.222.117.188/31
S47 = 134.222.138.144/28
S48 = 134.222.139.64/26
S49 = 134.222.153.70/31
S50 = 194.122.122.96/30
S51 = 134.222.48.228/30
S52 = 134.222.96.192/27
S53 = 134.222.153.248/31
S54 = 134.222.153.252/31
S55 = 134.222.155.238/31
S56 = 134.222.48.216/31
S57 = 134.222.49.108/31
S58 = 134.222.49.48/31
S59 = 134.222.236.0/29
S60 = 194.122.122.108/30
S61 = 194.122.122.112/30
S62 = 134.222.48.68/31
S63 = 134.222.105.196/30
S64 = 194.122.122.132/30
S65 = 134.222.48.112/31
S66 = 194.122.122.140/30
S67 = 194.122.122.144/30

--- Top (neighborhood) degrees ---
Degree 1: N1, N10, N12, N2, N3, N5, N7, N8
Degree 2: 63 neighborhoods
Degree 3: 15 neighborhoods
Degree 4: 12 neighborhoods
Degree 5: 11 neighborhoods
Degree 6: N147, N153, N25, N69, N86, N99
Degree 7: N115, N141, N152, N24, N61, N68, N90
Degree 8: N110, N148, N39, N4, N72, N79
Degree 9: N46, N83
Degree 10: N143, N150, N96
Degree 13: N151, N59
Degree 14: N41, N97
Degree 15: N74
Degree 16: N54
Degree 17: N104
Degree 19: N63, N91
Degree 20: N43, N84
Degree 21: N37, N62
Degree 22: N51, N52
Degree 28: N130
Degree 31: N101
Degree 36: N142
Degree 49: N123, N144
Degree 53: N121
Degree 78: N13

--- Bottom (subnet) degrees ---
Degree 1: 750 subnets
Degree 2: 44 subnets
Degree 3: 21 subnets
Degree 4: 134.222.48.120/31, 134.222.160.0/21

--- Base cycles ---
N121, S51, N123, S52
N13, S1 (B), N121, S50, N120, T36
N13, S1 (B), N51, S10 (B), N83, T32
N13, T25, N59, S14, N83, T32
N13, T27, N68, S17, N96, T35
N39, S2 (B), N91, S3 (B)
N43, S7 (B), N110, S43 (B)
N43, S7 (B), N110, S44 (B)
N43, S7 (B), N110, S45 (B)
N43, S7 (B), N110, S46 (B)
N46, S7 (B), N108, S41 (B)
N46, S7 (B), N108, S42 (B), N103, S8 (B)
