--- About the graph ---
Total of vertices (all kinds): 241
Hypothetic vertices: 45 / 241 (18.672199%)
Subnet vertices: 110 / 241 (45.643154%)
Known subnet vertices: 65 / 110 (59.090909%)

--- Subnet mappings ---
S1 = 5.178.67.24/31
S2 = 93.158.217.96/31
S3 = 185.8.179.0/26
S4 = 46.249.55.192/31
S5 = 185.8.177.32/29
S6 = 5.45.66.0/28
S7 = 5.45.70.0/29
S8 = 5.45.70.8/30
S9 = 37.1.200.0/27
S10 = 37.1.201.8/29
S11 = 5.255.95.96/27
S12 = 46.249.63.242/31
S13 = 178.21.17.172/31
S14 = 185.8.176.16/28
S15 = 185.53.160.128/28
S16 = 185.53.162.224/27
S17 = 185.53.163.128/29
S18 = 185.116.166.0/27
S19 = 185.53.163.42/31
S20 = 46.249.38.14/32
S21 = 37.49.228.128/26
S22 = 46.249.63.252/30
S23 = 103.196.240.0/28
S24 = 185.53.163.40/31
S25 = 46.249.38.6/32
S26 = 5.255.64.192/27
S27 = 5.255.66.224/28
S28 = 5.255.82.20/30
S29 = 46.249.36.32/29
S30 = 46.249.36.40/30
S31 = 46.249.36.48/30
S32 = 46.249.43.128/29
S33 = 46.249.47.16/29
S34 = 91.195.81.96/28
S35 = 93.158.201.160/27
S36 = 93.158.217.144/30
S37 = 93.158.222.68/30
S38 = 185.12.13.64/27
S39 = 5.178.67.0/29
S40 = 5.255.80.0/28
S41 = 31.186.174.32/29
S42 = 31.186.174.44/30
S43 = 31.186.174.80/28
S44 = 91.195.80.56/29
S45 = 146.185.253.0/28
S46 = 178.21.16.72/31
S47 = 46.243.152.0/23
S48 = 46.243.155.160/28
S49 = 188.120.35.136/29
S50 = 91.198.106.0/27
S51 = 91.198.106.36/30
S52 = 91.198.106.64/26
S53 = 91.198.106.128/28
S54 = 91.198.106.144/28
S55 = 91.198.106.160/27
S56 = 91.198.106.232/30
S57 = 193.23.143.70/31
S58 = 193.23.143.88/29
S59 = 193.23.143.200/29
S60 = 193.23.143.224/27
S61 = 194.247.30.108/30
S62 = 194.247.30.160/30
S63 = 194.247.31.8/30
S64 = 194.247.31.16/29
S65 = 194.247.31.80/29

--- Top (neighborhood) degrees ---
Degree 1: 16 neighborhoods
Degree 2: 35 neighborhoods
Degree 3: 14 neighborhoods
Degree 4: N117, N16, N76, N93
Degree 5: N133, N18, N27, N70, N73
Degree 6: N108, N110, N113, N136, N24
Degree 7: N122, N141, N44, N45
Degree 8: N101, N137, N5
Degree 9: N112, N114, N14, N22, N88
Degree 10: N105, N106, N109, N60, N67
Degree 11: N56, N61, N82
Degree 12: N65, N91
Degree 13: N104, N143, N146, N147
Degree 14: N132, N92
Degree 15: N131, N85
Degree 16: N107, N127, N142, N144
Degree 17: N139, N81
Degree 18: N138, N140
Degree 19: N148, N46
Degree 21: N96
Degree 24: N128
Degree 25: N40
Degree 26: N116
Degree 29: N38
Degree 30: N42, N51
Degree 34: N129, N37
Degree 39: N55
Degree 40: N47
Degree 41: N33
Degree 42: N126
Degree 49: N43
Degree 51: N29
Degree 53: N54
Degree 60: N23
Degree 61: N39
Degree 62: N34
Degree 66: N53
Degree 71: N48
Degree 82: N52
Degree 98: N35, N41
Degree 104: N49
Degree 106: N32, N36
Degree 108: N50
Degree 127: N30
Degree 208: N31
Degree 305: N77
Degree 306: N57
Degree 615: N102
Degree 632: N84

--- Bottom (subnet) degrees ---
Degree 1: 4198 subnets
Degree 2: 29 subnets
Degree 3: 29 subnets
Degree 4: 46.249.36.40/30, 146.185.253.0/28, 91.198.106.64/26
Degree 5: 5.255.80.0/28, 37.1.200.0/27
Degree 6: 91.198.106.160/27
Degree 7: 185.8.179.0/26

--- Base cycles ---
N102, S41, N108, S43
N126, S52, N129, S53
N126, S55, N137, S59
N126, S55, N138, S62
N126, S56, N140, S57 (B)
N126, S56, N144, S60
N126, S63, N148, S64
N29, S3, N57, S17
N31, S6, N33, S8
N57, S3, N77, S11
N57, S3, N77, S13 (B)
N57, S3, N77, S14
N57, S3, N77, S16
N57, S3, N77, S18
N57, S3, N77, T24, N61, T20
N57, S3, N77, T25, N62, T21
N96, S34, N102, S44
