--- About the graph ---
Total of vertices (all kinds): 241
Hypothetic vertices: 45 / 241 (18.672199%)
Subnet vertices: 110 / 241 (45.643154%)
Known subnet vertices: 65 / 110 (59.090909%)

--- Subnet mappings ---
S1 = 103.196.240.0/28
S2 = 146.185.253.0/28
S3 = 178.21.16.72/31
S4 = 178.21.17.172/31
S5 = 185.116.166.0/27
S6 = 185.12.13.64/27
S7 = 185.53.160.128/28
S8 = 185.53.162.224/27
S9 = 185.53.163.128/29
S10 = 185.53.163.40/31
S11 = 185.53.163.42/31
S12 = 185.8.176.16/28
S13 = 185.8.177.32/29
S14 = 185.8.179.0/26
S15 = 188.120.35.136/29
S16 = 193.23.143.200/29
S17 = 193.23.143.224/27
S18 = 193.23.143.70/31
S19 = 193.23.143.88/29
S20 = 194.247.30.108/30
S21 = 194.247.30.160/30
S22 = 194.247.31.16/29
S23 = 194.247.31.8/30
S24 = 194.247.31.80/29
S25 = 31.186.174.32/29
S26 = 31.186.174.44/30
S27 = 31.186.174.80/28
S28 = 37.1.200.0/27
S29 = 37.1.201.8/29
S30 = 37.49.228.128/26
S31 = 46.243.152.0/23
S32 = 46.243.155.160/28
S33 = 46.249.36.32/29
S34 = 46.249.36.40/30
S35 = 46.249.36.48/30
S36 = 46.249.38.14/32
S37 = 46.249.38.6/32
S38 = 46.249.43.128/29
S39 = 46.249.47.16/29
S40 = 46.249.55.192/31
S41 = 46.249.63.242/31
S42 = 46.249.63.252/30
S43 = 5.178.67.0/29
S44 = 5.178.67.24/31
S45 = 5.255.64.192/27
S46 = 5.255.66.224/28
S47 = 5.255.80.0/28
S48 = 5.255.82.20/30
S49 = 5.255.95.96/27
S50 = 5.45.66.0/28
S51 = 5.45.70.0/29
S52 = 5.45.70.8/30
S53 = 91.195.80.56/29
S54 = 91.195.81.96/28
S55 = 91.198.106.0/27
S56 = 91.198.106.128/28
S57 = 91.198.106.144/28
S58 = 91.198.106.160/27
S59 = 91.198.106.232/30
S60 = 91.198.106.36/30
S61 = 91.198.106.64/26
S62 = 93.158.201.160/27
S63 = 93.158.217.144/30
S64 = 93.158.217.96/31
S65 = 93.158.222.68/30

--- Degree analysis ---
New figure saved in AS50673_10-01-2020_bip_degree_CDFs.pdf
New figure saved in AS50673_10-01-2020_bip_top_local_density.pdf
Maximum top (neighborhood) degree: 632
Maximum bottom (subnet) degree: 632

--- Base cycles ---
New figure saved in AS50673_10-01-2020_bip_cycles.pdf
N57, S3, N77, S11
N57, S3, N77, S13
N57, S3, N77, S14
N57, S3, N77, S16
N57, S3, N77, S18
N57, S3, N77, T24, N61, T20
N57, S3, N77, T25, N62, T21
