--- About the graph ---
Total of vertices (all kinds): 274
Hypothetic vertices: 71 / 274 (25.912409%)
Subnet vertices: 132 / 274 (48.175182%)
Known subnet vertices: 61 / 132 (46.212121%)

--- Subnet mappings ---
S1 = 134.222.48.228/31
S2 = 134.222.122.124/30
S3 = 134.222.48.210/31
S4 = 134.222.48.200/31
S5 = 194.122.122.96/30
S6 = 134.222.48.222/31
S7 = 134.222.153.248/31
S8 = 134.222.153.252/31
S9 = 134.222.155.238/31
S10 = 134.222.49.108/31
S11 = 134.222.236.4/30
S12 = 134.222.48.244/31
S13 = 134.222.48.206/31
S14 = 134.222.48.208/31
S15 = 134.222.49.56/31
S16 = 134.222.96.250/31
S17 = 134.222.152.100/31
S18 = 134.222.48.224/31
S19 = 134.222.49.86/31
S20 = 134.222.160.0/21
S21 = 134.222.49.48/31
S22 = 134.222.48.214/31
S23 = 134.222.94.212/30
S24 = 134.222.94.240/31
S25 = 134.222.48.68/31
S26 = 134.222.105.196/30
S27 = 134.222.92.224/28
S28 = 134.222.95.68/30
S29 = 134.222.95.128/25
S30 = 134.222.129.196/30
S31 = 134.222.101.14/31
S32 = 134.222.109.80/28
S33 = 134.222.146.254/31
S34 = 134.222.112.32/28
S35 = 134.222.116.194/31
S36 = 134.222.117.38/31
S37 = 134.222.117.130/31
S38 = 134.222.117.132/31
S39 = 134.222.117.188/31
S40 = 134.222.116.224/31
S41 = 134.222.117.4/31
S42 = 134.222.117.36/31
S43 = 134.222.117.128/31
S44 = 134.222.134.194/31
S45 = 134.222.128.8/30
S46 = 134.222.148.140/31
S47 = 194.122.122.156/30
S48 = 194.122.122.16/30
S49 = 134.222.48.192/31
S50 = 134.222.152.64/31
S51 = 134.222.153.70/31
S52 = 194.122.122.60/30
S53 = 194.122.122.68/30
S54 = 134.222.48.122/31
S55 = 134.222.117.224/31
S56 = 134.222.48.194/31
S57 = 134.222.138.144/28
S58 = 134.222.139.64/26
S59 = 194.122.122.108/30
S60 = 194.122.122.132/30
S61 = 134.222.48.112/31

--- Top (neighborhood) degrees ---
Degree 1: N1, N11, N13, N2, N4, N5, N6, N8, N9
Degree 2: 64 neighborhoods
Degree 3: 19 neighborhoods
Degree 4: N124, N126, N16, N32, N49, N54, N57, N93
Degree 5: 13 neighborhoods
Degree 6: N105, N106, N135, N141, N20, N23, N46, N72, N74
Degree 7: N22, N3
Degree 8: N122, N147, N155, N41, N97
Degree 9: N108, N153, N64
Degree 10: N140
Degree 11: N142
Degree 12: N95
Degree 13: N139, N154
Degree 14: N110, N129
Degree 15: N116, N133, N25
Degree 17: N58
Degree 18: N128, N98
Degree 20: N43, N71, N84
Degree 24: N99
Degree 31: N56
Degree 32: N152
Degree 39: N48
Degree 49: N21
Degree 53: N78
Degree 88: N14

--- Bottom (subnet) degrees ---
Degree 1: 691 subnets
Degree 2: 41 subnets
Degree 3: 13 subnets
Degree 4: 134.222.48.228/31, 134.222.48.210/31, 134.222.138.144/28 (sound), 134.222.48.222/31
Degree 5: 134.222.48.224/31
Degree 6: 134.222.48.208/31, 134.222.160.0/21

--- Base cycles ---
N128, S49, N129, S57, N147, S58
N14, S1 (B), N71, S18 (B), N63, S48, N126, S47, N56, S3 (B), N21, T6
N14, S1 (B), N72, S21 (B), N48, S3 (B), N21, T6
N14, T6, N21, S27, N84, T27
N14, T6, N21, S29, N95, T29
N14, T6, N21, S3 (B), N46, T26
N14, T6, N21, S3 (B), N56, S47, N126, S48, N128, S58, N147, S56, N142, S54, N140, S53, N139, S32, N105, T31
N14, T6, N21, S3 (B), N56, S47, N126, S48, N128, S58, N147, S56, N142, S54, N140, S53, N139, T39
N14, T6, N21, S3 (B), N56, S47, N126, T37
N46, S3 (B), N56, S4 (B)
N46, S3 (B), N56, S47, N126, S48, N63, S18 (B), N71, S5
N48, S3 (B), N56, S47, N126, S48, N128, S6 (B)
N48, S6 (B), N132, S50 (B)
N56, S14 (B), N132, S6 (B), N128, S48, N126, S47
N56, S14 (B), N135, S18 (B), N63, S48, N126, S47
N56, S14 (B), N62, S18 (B), N63, S48, N126, S47
N56, S14 (B), N71, S18 (B), N63, S48, N126, S47
N56, S15, N64, S55 (B), N142, S56, N147, S58, N128, S48, N126, S47
N56, S4 (B), N140, S54, N142, S56, N147, S58, N128, S48, N126, S47
N63, S18 (B), N128, S48
N64, S19 (B), N142, S55 (B)
N71, S18 (B), N135, S51 (B)
N71, S5, N135, S18 (B)
