--- About the graph ---
Total of vertices (all kinds): 274
Hypothetic vertices: 47 / 274 (17.153285%)
Subnet vertices: 129 / 274 (47.080292%)
Known subnet vertices: 82 / 129 (63.565891%)

--- Subnet mappings ---
S1 = 64.74.252.192/26
S2 = 216.52.95.0/26
S3 = 64.74.240.208/28
S4 = 64.94.190.232/30
S5 = 74.217.160.0/26
S6 = 216.52.93.92/30
S7 = 74.201.138.0/30
S8 = 64.74.242.92/30
S9 = 75.98.62.224/30
S10 = 74.201.252.0/30
S11 = 74.201.138.80/30
S12 = 64.74.242.108/30
S13 = 70.42.41.24/30
S14 = 70.42.45.120/30
S15 = 74.201.248.64/27
S16 = 74.201.254.48/29
S17 = 74.201.254.108/30
S18 = 74.217.49.168/30
S19 = 74.217.49.176/30
S20 = 74.217.49.224/29
S21 = 74.217.50.24/30
S22 = 74.201.152.96/30
S23 = 74.201.254.84/30
S24 = 74.201.254.80/30
S25 = 74.217.51.24/30
S26 = 75.98.40.40/29
S27 = 64.74.254.16/30
S28 = 64.74.254.32/30
S29 = 64.74.254.36/30
S30 = 74.201.129.180/30
S31 = 74.201.129.248/30
S32 = 74.201.253.52/30
S33 = 70.42.39.144/29
S34 = 63.251.20.248/29
S35 = 64.74.245.12/30
S36 = 74.201.131.192/31
S37 = 74.201.138.16/30
S38 = 74.201.150.224/29
S39 = 75.98.56.0/26
S40 = 104.153.107.128/25
S41 = 74.201.136.8/30
S42 = 64.74.240.192/30
S43 = 74.201.136.16/30
S44 = 74.201.136.64/30
S45 = 74.201.181.232/30
S46 = 64.74.240.224/30
S47 = 64.74.245.240/29
S48 = 64.94.177.0/30
S49 = 64.94.177.16/30
S50 = 64.95.46.176/30
S51 = 64.95.46.180/30
S52 = 70.42.41.248/29
S53 = 74.201.139.204/30
S54 = 74.201.179.40/30
S55 = 74.201.195.88/30
S56 = 74.201.198.16/30
S57 = 74.217.50.16/29
S58 = 64.94.185.0/25
S59 = 74.201.136.92/30
S60 = 74.201.136.200/30
S61 = 74.201.164.144/30
S62 = 74.201.254.252/30
S63 = 74.217.54.96/29
S64 = 64.74.245.60/30
S65 = 64.74.244.36/30
S66 = 74.201.137.64/30
S67 = 70.42.74.248/29
S68 = 74.201.136.60/32
S69 = 74.201.138.20/30
S70 = 162.248.95.240/28
S71 = 74.201.136.12/30
S72 = 74.201.136.20/30
S73 = 63.251.17.48/30
S74 = 64.74.240.232/30
S75 = 64.94.177.8/30
S76 = 74.201.132.196/30
S77 = 74.217.51.8/29
S78 = 70.42.47.32/30
S79 = 74.201.138.84/30
S80 = 75.98.62.228/30
S81 = 74.201.138.4/30
S82 = 64.94.189.192/26

--- Top (neighborhood) degrees ---
Degree 1: 101 neighborhoods
Degree 2: 67 neighborhoods
Degree 3: 24 neighborhoods
Degree 4: 21 neighborhoods
Degree 5: N160, N178, N18, N213, N259
Degree 6: N114, N121, N146, N153, N258
Degree 7: N108, N159, N206, N239, N256
Degree 8: N128, N174
Degree 9: N21, N8
Degree 10: N144, N167
Degree 12: N254
Degree 13: N176, N249
Degree 15: N251
Degree 18: N240
Degree 19: N255
Degree 21: N201
Degree 22: N200
Degree 23: N247
Degree 26: N233
Degree 32: N158
Degree 33: N136
Degree 38: N252
Degree 43: N181
Degree 44: N244
Degree 47: N250
Degree 48: N228
Degree 51: N210
Degree 58: N194
Degree 60: N137
Degree 62: N186
Degree 68: N143
Degree 72: N221
Degree 105: N26
Degree 129: N223
Degree 133: N222
Degree 215: N193
Degree 221: N187
Degree 223: N229
Degree 226: N232

--- Bottom (subnet) degrees ---
Degree 1: 2354 subnets
Degree 2: 72 subnets
Degree 3: 74.201.248.64/27, 64.74.240.208/28, 63.251.20.248/29, 74.201.131.192/31, 104.153.107.128/25, 74.217.160.0/26, 64.95.46.180/30 (sound), 64.94.185.0/25, 162.248.95.240/28 (sound)
Degree 6: 216.52.95.0/26 (sound)

--- Base cycles ---
N136, S2, N137, S5
N136, S3, N137, S5
N137, S2, N244, S81, N247, S15, N143, S7
N186, S2, N228, S34
N186, S2, N228, S36 (B)
N186, S2, N228, S40
N186, S2, N228, S71, N233, S51, N194, S41
N186, S2, N228, S72, N240, S58, N210, S43
N193, S40, N228, S70
