--- About the graph ---
Total of vertices (all kinds): 251
Hypothetic vertices: 47 / 251 (18.725100%)
Subnet vertices: 116 / 251 (46.215139%)
Known subnet vertices: 69 / 116 (59.482759%)

--- Subnet mappings ---
S1 = 5.178.67.24/31
S2 = 93.158.217.96/31
S3 = 185.8.179.32/28
S4 = 178.21.17.16/28
S5 = 46.249.55.192/31
S6 = 185.8.177.32/29
S7 = 5.45.66.0/28
S8 = 5.45.70.0/29
S9 = 5.45.70.8/30
S10 = 37.1.200.0/27
S11 = 37.1.201.8/29
S12 = 5.255.94.224/27
S13 = 5.255.95.96/29
S14 = 46.249.63.242/31
S15 = 178.21.17.172/31
S16 = 178.21.21.0/28
S17 = 185.8.176.16/28
S18 = 185.53.160.128/28
S19 = 185.53.162.224/27
S20 = 185.53.163.128/29
S21 = 185.116.166.0/27
S22 = 185.53.163.42/31
S23 = 46.249.63.252/30
S24 = 103.196.240.0/28
S25 = 185.53.163.40/31
S26 = 46.249.38.4/30
S27 = 46.249.38.14/31
S28 = 5.178.67.0/29
S29 = 5.255.66.232/29
S30 = 5.255.80.0/28
S31 = 5.255.82.20/30
S32 = 31.186.174.32/29
S33 = 31.186.174.44/30
S34 = 31.186.174.80/28
S35 = 46.249.36.36/30
S36 = 46.249.36.40/31
S37 = 46.249.36.42/31
S38 = 46.249.36.48/30
S39 = 46.249.43.128/29
S40 = 91.195.81.96/28
S41 = 93.158.201.160/27
S42 = 146.185.253.0/28
S43 = 178.21.16.72/31
S44 = 5.255.64.214/32
S45 = 46.249.47.16/29
S46 = 91.195.80.56/29
S47 = 93.158.217.144/30
S48 = 93.158.222.68/30
S49 = 185.12.13.64/27
S50 = 46.243.152.0/23
S51 = 46.243.155.128/26
S52 = 188.120.33.0/25
S53 = 188.120.35.136/29
S54 = 91.198.106.0/27
S55 = 91.198.106.36/30
S56 = 91.198.106.64/26
S57 = 91.198.106.128/28
S58 = 91.198.106.144/28
S59 = 91.198.106.160/27
S60 = 91.198.106.232/30
S61 = 193.23.143.70/31
S62 = 193.23.143.88/29
S63 = 193.23.143.200/29
S64 = 193.23.143.224/27
S65 = 194.247.30.108/30
S66 = 194.247.30.160/30
S67 = 194.247.31.8/30
S68 = 194.247.31.16/29
S69 = 194.247.31.80/29

--- Top (neighborhood) degrees ---
Degree 1: 17 neighborhoods
Degree 2: 35 neighborhoods
Degree 3: 16 neighborhoods
Degree 4: N105, N11, N113, N124, N29, N78
Degree 5: N140, N73, N76
Degree 6: N100, N143, N26, N98
Degree 7: N110, N128, N148, N23, N47
Degree 8: N114, N144, N22, N46, N90
Degree 9: N111, N21, N95, N97
Degree 10: N58, N63, N70, N86, N99
Degree 11: N94
Degree 12: N103, N109, N15, N68
Degree 13: N13, N150, N153, N154, N93
Degree 14: N104, N139, N62
Degree 15: N138, N96
Degree 16: N134, N149, N151
Degree 17: N146, N85
Degree 18: N145, N147
Degree 19: N155
Degree 22: N107, N123
Degree 23: N42
Degree 24: N135
Degree 26: N40
Degree 30: N44, N52
Degree 33: N39
Degree 34: N136
Degree 36: N56
Degree 41: N48
Degree 42: N133
Degree 43: N35
Degree 50: N51
Degree 52: N55
Degree 54: N45
Degree 56: N31
Degree 58: N36
Degree 61: N41, N57
Degree 63: N24
Degree 64: N49
Degree 68: N54
Degree 84: N53
Degree 91: N34
Degree 92: N37
Degree 95: N43
Degree 106: N50
Degree 107: N38
Degree 138: N32
Degree 205: N33
Degree 277: N59
Degree 292: N79
Degree 552: N89
Degree 581: N115

--- Bottom (subnet) degrees ---
Degree 1: 4023 subnets
Degree 2: 30 subnets
Degree 3: 33 subnets
Degree 4: 146.185.253.0/28, 91.198.106.64/26
Degree 5: 37.1.200.0/27, 185.8.179.32/28 (sound), 5.255.80.0/28
Degree 6: 91.198.106.160/27

--- Base cycles ---
N107, S40, N115, S46
N133, S56, N136, S57
N133, S59, N144, S63
N133, S59, N145, S66
N133, S60, N147, S61 (B)
N133, S60, N151, S64
N133, S67, N155, S68
N24, S4, N115, S47
N24, S5, N123, S53
N24, S51, N123, S53
N33, S7, N35, S9
N33, T3, N34, S11
N89, S32, N98, S34
