--- About the graph ---
Total of vertices (all kinds): 303
Hypothetic vertices: 64 / 303 (21.122112%)
Subnet vertices: 145 / 303 (47.854785%)
Known subnet vertices: 81 / 145 (55.862069%)

--- Subnet mappings ---
S1 = 5.255.95.72/31
S2 = 46.249.63.240/28
S3 = 185.53.163.134/31
S4 = 185.8.177.34/31
S5 = 185.8.177.46/31
S6 = 5.255.95.96/29
S7 = 178.21.17.160/27
S8 = 185.8.176.16/28
S9 = 185.53.160.192/27
S10 = 185.116.166.0/27
S11 = 185.181.165.200/31
S12 = 46.249.60.204/30
S13 = 185.53.160.128/29
S14 = 45.13.59.6/31
S15 = 45.13.59.140/30
S16 = 45.13.59.220/30
S17 = 45.13.59.224/29
S18 = 178.21.16.78/31
S19 = 93.158.217.90/31
S20 = 5.178.67.0/29
S21 = 5.255.64.208/29
S22 = 5.255.66.224/29
S23 = 5.255.80.0/27
S24 = 5.255.82.20/30
S25 = 5.255.85.184/29
S26 = 31.186.174.32/29
S27 = 31.186.174.44/30
S28 = 31.186.174.80/28
S29 = 46.249.36.40/31
S30 = 46.249.36.42/31
S31 = 46.249.45.62/31
S32 = 91.195.81.40/30
S33 = 91.195.81.106/31
S34 = 93.158.201.128/27
S35 = 93.158.201.176/29
S36 = 93.158.217.184/30
S37 = 146.185.253.0/28
S38 = 178.21.23.224/28
S39 = 5.255.66.232/29
S40 = 46.249.47.20/31
S41 = 88.218.132.0/28
S42 = 93.158.222.68/30
S43 = 185.12.13.64/27
S44 = 45.13.59.144/29
S45 = 93.158.217.74/31
S46 = 93.158.217.98/31
S47 = 93.158.217.160/29
S48 = 93.158.217.232/30
S49 = 46.249.55.194/31
S50 = 46.243.152.0/23
S51 = 46.243.155.64/27
S52 = 46.243.155.160/28
S53 = 46.243.191.0/24
S54 = 185.145.16.0/20
S55 = 188.72.68.0/23
S56 = 188.120.32.0/24
S57 = 188.120.33.0/25
S58 = 188.120.34.0/24
S59 = 188.120.35.160/28
S60 = 188.120.46.0/24
S61 = 188.120.47.176/29
S62 = 188.120.47.184/29
S63 = 188.120.47.28/30
S64 = 188.120.35.136/29
S65 = 46.243.189.0/24
S66 = 178.170.154.0/24
S67 = 188.120.44.0/24
S68 = 185.8.177.32/31
S69 = 185.53.163.40/31
S70 = 185.8.177.44/31
S71 = 46.249.60.200/30
S72 = 103.196.240.0/26
S73 = 46.249.38.0/26
S74 = 45.83.122.0/30
S75 = 45.83.122.5/32
S76 = 193.32.168.0/31
S77 = 193.32.168.2/31
S78 = 5.178.67.24/30
S79 = 46.249.55.204/31
S80 = 46.249.55.212/30
S81 = 46.249.55.192/31

--- Top (neighborhood) degrees ---
Degree 1: 13 neighborhoods
Degree 2: 80 neighborhoods
Degree 3: 14 neighborhoods
Degree 4: N109, N145, N30, N40, N45, N52, N78, N89
Degree 5: N148, N167, N47, N57, N72, N77
Degree 6: N16, N18, N4, N43, N66, N67, N68, N74, N83, N85
Degree 7: N158
Degree 8: N165, N172, N174, N55
Degree 9: N35, N70, N73, N96
Degree 10: N142, N150, N69
Degree 11: N75
Degree 12: N15, N155, N54, N76
Degree 13: N14, N42, N58
Degree 16: N50, N59
Degree 17: N60
Degree 18: N79
Degree 22: N49
Degree 24: N44
Degree 30: N39
Degree 31: N46
Degree 39: N144
Degree 40: N162
Degree 41: N51
Degree 49: N159
Degree 53: N163
Degree 59: N160
Degree 62: N20
Degree 66: N161
Degree 94: N29
Degree 98: N152
Degree 103: N106
Degree 350: N169
Degree 365: N95
Degree 432: N153
Degree 454: N38
Degree 680: N61
Degree 705: N87

--- Bottom (subnet) degrees ---
Degree 1: 4050 subnets
Degree 2: 39 subnets
Degree 3: 33 subnets
Degree 4: 146.185.253.0/28, 46.243.191.0/24 (sound), 188.120.32.0/24 (sound), 188.120.46.0/24 (sound)
Degree 5: 93.158.217.160/29, 185.145.16.0/20
Degree 6: 5.255.80.0/27 (sound), 46.243.152.0/23 (sound)
Degree 11: 188.72.68.0/23 (sound)

--- Base cycles ---
N106, S50, N148, S53
N106, S61, N142, S66, N144, S63
N142, S65, N144, S66
N158, T47, N159, S74
N20, T9, N169, S47
N29, S1 (B), N152, T43, N153, T45, N40, T17, N38, T13
N29, S3 (B), N152, T43, N153, T45, N40, T17, N38, T13
N29, S4, N35, S68, N152, T43, N153, T45, N40, T17, N38, T13
N29, S5, N49, S70, N152, T43, N153, T45, N40, T17, N38, T13
N29, T13, N38, T17, N40, T45, N153, T43, N152, T26, N51, T23
N38, S10, N153, T45, N40, T17
N38, S6, N153, T45, N40, T17
N38, S7, N153, T45, N40, T17
N38, S8, N153, T45, N40, T17
N38, T16, N39, T44, N153, T45, N40, T17
N51, S18 (B), N165, S76 (B), N53, T18
N57, S16, N95, S44
