--- About the graph ---
Total of vertices (all kinds): 273
Hypothetic vertices: 47 / 273 (17.216117%)
Subnet vertices: 129 / 273 (47.252747%)
Known subnet vertices: 82 / 129 (63.565891%)

--- Subnet mappings ---
S1 = 64.94.189.128/25
S2 = 74.201.136.64/30
S3 = 216.52.95.0/26
S4 = 64.74.245.12/30
S5 = 74.201.131.192/30
S6 = 74.201.136.60/30
S7 = 74.201.138.16/30
S8 = 162.248.95.240/28
S9 = 74.201.136.16/30
S10 = 64.74.240.192/29
S11 = 74.201.136.8/30
S12 = 74.201.150.224/29
S13 = 64.74.243.196/30
S14 = 74.201.136.92/30
S15 = 74.201.136.200/30
S16 = 74.201.254.252/30
S17 = 74.217.54.96/29
S18 = 64.74.240.224/30
S19 = 64.74.245.244/30
S20 = 64.94.172.68/30
S21 = 64.94.177.0/30
S22 = 64.94.177.16/30
S23 = 64.95.46.176/30
S24 = 64.95.46.180/30
S25 = 70.42.41.248/29
S26 = 70.42.45.20/30
S27 = 74.201.139.204/30
S28 = 74.201.164.8/30
S29 = 74.201.179.40/30
S30 = 74.201.195.88/30
S31 = 74.201.198.16/30
S32 = 74.201.254.48/30
S33 = 74.217.50.16/29
S34 = 74.217.55.160/30
S35 = 64.94.171.4/30
S36 = 74.201.137.64/30
S37 = 64.94.177.196/30
S38 = 216.52.93.228/30
S39 = 64.74.240.208/29
S40 = 64.74.245.204/30
S41 = 74.201.254.64/28
S42 = 74.201.254.240/30
S43 = 74.201.138.0/30
S44 = 75.98.62.224/30
S45 = 74.201.138.80/30
S46 = 74.201.254.224/29
S47 = 64.94.177.68/30
S48 = 64.74.242.92/30
S49 = 70.42.41.24/30
S50 = 70.42.45.120/30
S51 = 74.201.254.108/30
S52 = 74.217.49.168/30
S53 = 74.217.49.176/30
S54 = 74.217.50.24/30
S55 = 74.201.152.96/30
S56 = 74.201.254.84/30
S57 = 74.201.254.80/30
S58 = 74.217.51.24/30
S59 = 75.98.40.40/29
S60 = 74.201.129.180/30
S61 = 74.201.129.248/30
S62 = 64.74.252.192/26
S63 = 64.74.254.68/30
S64 = 74.201.138.20/30
S65 = 104.153.107.128/25
S66 = 74.201.136.20/30
S67 = 64.74.240.240/30
S68 = 74.201.136.12/30
S69 = 70.42.47.32/30
S70 = 63.251.17.48/30
S71 = 64.74.240.232/30
S72 = 64.94.177.8/30
S73 = 74.201.164.152/30
S74 = 74.217.51.8/29
S75 = 74.217.49.236/30
S76 = 75.98.62.228/30
S77 = 216.52.90.0/23
S78 = 74.201.138.4/30
S79 = 74.201.138.84/30
S80 = 74.201.136.72/30
S81 = 74.201.254.96/29
S82 = 70.42.41.48/30

--- Top (neighborhood) degrees ---
Degree 1: 115 neighborhoods
Degree 2: 62 neighborhoods
Degree 3: 21 neighborhoods
Degree 4: 16 neighborhoods
Degree 5: N129, N156, N206, N209, N216, N232
Degree 6: N125, N152, N202, N238, N248, N254
Degree 7: N126, N13, N173, N231
Degree 8: N214
Degree 9: N2, N224, N239, N250
Degree 11: N252
Degree 12: N166
Degree 13: N165
Degree 15: N257, N268
Degree 16: N264
Degree 17: N141, N259
Degree 20: N262
Degree 22: N244
Degree 24: N177
Degree 26: N178, N229
Degree 29: N263
Degree 31: N187
Degree 35: N138
Degree 36: N233
Degree 39: N205
Degree 40: N226
Degree 41: N240
Degree 46: N147, N260
Degree 51: N258
Degree 53: N197
Degree 55: N192
Degree 66: N181
Degree 73: N18
Degree 75: N157
Degree 78: N140
Degree 125: N183
Degree 133: N182
Degree 187: N146
Degree 192: N228

--- Bottom (subnet) degrees ---
Degree 1: 1896 subnets
Degree 2: 71 subnets
Degree 3: 74.201.136.64/30 (sound), 64.95.46.180/30 (sound), 64.74.240.208/29, 74.201.254.64/28 (sound), 74.201.254.224/29 (sound), 74.201.136.60/30 (sound), 104.153.107.128/25, 216.52.90.0/23, 162.248.95.240/28 (sound), 74.201.254.96/29
Degree 7: 216.52.95.0/26 (sound)

--- Base cycles ---
N135, S2, N140, S3, N138, T7, N136, T6
N135, S2, N140, S46, N192, S39, N138, T7, N136, T6
N138, S3, N240, S77
N140, S3, N192, S46
N140, S3, N226, S66, N229, T21, N148, T10, N147, S9
N140, S6, N226, S66, N229, T21, N148, T10, N147, S9
N140, S8, N228, S65
N140, S9, N147, S41, N192, S46
N140, S9, N147, T10, N148, T21, N229, S66, N226, S65
N140, S9, N147, T10, N148, T21, N229, S66, N226, S68, N233, S24, N157, S11
N240, S78, N244, S81
