--- About the graph ---
Total of vertices (all kinds): 266
Hypothetic vertices: 51 / 266 (19.172932%)
Subnet vertices: 123 / 266 (46.240602%)
Known subnet vertices: 72 / 123 (58.536585%)

--- Subnet mappings ---
S1 = 64.74.252.240/28
S2 = 64.94.189.128/25
S3 = 216.52.95.0/26
S4 = 216.52.95.64/26
S5 = 64.74.245.12/30
S6 = 74.201.131.192/31
S7 = 74.201.138.16/30
S8 = 162.248.95.240/28
S9 = 74.201.136.16/30
S10 = 64.74.240.192/29
S11 = 74.201.136.8/30
S12 = 74.201.150.224/30
S13 = 74.201.136.64/30
S14 = 64.74.243.196/30
S15 = 74.201.136.92/30
S16 = 74.201.136.200/30
S17 = 74.201.254.252/30
S18 = 74.217.54.96/29
S19 = 64.74.240.224/30
S20 = 64.74.245.244/30
S21 = 64.94.172.68/30
S22 = 64.94.177.0/30
S23 = 64.94.177.16/30
S24 = 64.95.46.176/30
S25 = 64.95.46.180/30
S26 = 70.42.41.248/29
S27 = 74.201.139.204/30
S28 = 74.201.164.8/30
S29 = 74.201.179.40/30
S30 = 74.201.195.88/30
S31 = 74.201.198.16/30
S32 = 74.201.254.48/28
S33 = 74.217.50.16/29
S34 = 74.217.55.160/30
S35 = 64.94.171.4/30
S36 = 74.201.137.64/30
S37 = 64.94.177.196/30
S38 = 64.74.240.208/29
S39 = 64.74.245.204/30
S40 = 74.201.138.0/30
S41 = 75.98.62.224/30
S42 = 74.201.138.80/30
S43 = 64.74.242.92/30
S44 = 70.42.41.24/30
S45 = 70.42.45.120/30
S46 = 74.217.49.168/30
S47 = 74.217.49.176/30
S48 = 74.217.50.24/30
S49 = 74.201.152.96/30
S50 = 74.217.51.24/30
S51 = 75.98.40.40/29
S52 = 74.201.129.180/30
S53 = 74.201.129.248/30
S54 = 64.74.254.68/30
S55 = 74.201.138.20/30
S56 = 104.153.107.128/25
S57 = 74.201.136.20/30
S58 = 64.74.240.240/30
S59 = 74.201.136.12/30
S60 = 70.42.47.32/30
S61 = 63.251.17.48/30
S62 = 64.74.240.232/30
S63 = 64.94.177.8/30
S64 = 74.201.164.152/30
S65 = 74.217.51.8/29
S66 = 75.98.62.228/30
S67 = 74.201.138.4/30
S68 = 74.201.138.84/30
S69 = 74.201.136.72/30
S70 = 74.201.254.96/29
S71 = 70.42.41.48/30
S72 = 74.217.227.128/25

--- Top (neighborhood) degrees ---
Degree 1: 123 neighborhoods
Degree 2: 60 neighborhoods
Degree 3: 20 neighborhoods
Degree 4: 13 neighborhoods
Degree 5: N135, N148, N170, N215, N221, N233, N272
Degree 6: N166, N211, N239, N242, N251, N263
Degree 7: N17, N186, N232, N256, N271
Degree 8: N219
Degree 9: N225, N240, N265, N4
Degree 10: N144, N255
Degree 13: N200
Degree 14: N253
Degree 16: N270
Degree 17: N156, N259
Degree 19: N261
Degree 20: N180, N268
Degree 22: N247
Degree 24: N132
Degree 27: N179
Degree 28: N230
Degree 29: N269
Degree 30: N197
Degree 31: N133
Degree 35: N154
Degree 36: N234
Degree 39: N227, N245
Degree 40: N214
Degree 44: N206
Degree 46: N161
Degree 49: N260
Degree 51: N203
Degree 56: N262
Degree 60: N192
Degree 69: N171
Degree 75: N155, N22
Degree 126: N194
Degree 132: N193
Degree 187: N160
Degree 188: N229

--- Bottom (subnet) degrees ---
Degree 1: 1942 subnets
Degree 2: 64 subnets
Degree 3: 64.95.46.180/30 (sound), 74.201.254.48/28, 64.94.177.196/30 (sound), 64.74.240.208/29, 104.153.107.128/25, 74.201.254.96/29, 162.248.95.240/28 (sound)
Degree 6: 216.52.95.0/26 (sound)

--- Base cycles ---
N154, S3, N197, S37, N200, S4
N154, S3, N203, S38
N155, S11, N171, S32
N155, S3, N227, S57, N230, T21, N162, T13, N161, S9
N155, S8, N229, S56
N155, S9, N161, T13, N162, T21, N230, S57, N227, S56
N155, S9, N161, T13, N162, T21, N230, S57, N227, S59, N234, S25, N171, S32
N192, T16, N193, T24, N241, T25, N194, T17
N245, S67, N247, S70
