--- About the graph ---
Total of vertices (all kinds): 261
Hypothetic vertices: 46 / 261 (17.624521%)
Subnet vertices: 119 / 261 (45.593870%)
Known subnet vertices: 73 / 119 (61.344538%)

--- Subnet mappings ---
S1 = 64.74.252.0/24
S2 = 64.94.189.128/25
S3 = 216.52.95.0/26
S4 = 64.74.245.12/30
S5 = 74.201.131.192/31
S6 = 74.201.138.16/30
S7 = 74.201.150.224/29
S8 = 162.248.95.240/28
S9 = 74.201.136.16/30
S10 = 64.74.240.192/29
S11 = 74.201.136.8/30
S12 = 74.201.136.64/30
S13 = 64.74.243.196/30
S14 = 74.201.136.92/30
S15 = 74.201.136.200/30
S16 = 74.201.254.252/30
S17 = 74.217.54.96/29
S18 = 64.74.240.224/30
S19 = 64.74.245.244/30
S20 = 64.94.177.0/30
S21 = 64.94.177.16/30
S22 = 64.95.46.176/30
S23 = 64.95.46.180/30
S24 = 70.42.41.248/29
S25 = 74.201.139.204/30
S26 = 74.201.152.118/31
S27 = 74.201.164.8/30
S28 = 74.201.179.40/30
S29 = 74.201.195.88/30
S30 = 74.201.198.16/30
S31 = 74.201.254.48/28
S32 = 74.217.50.16/29
S33 = 74.217.55.160/30
S34 = 74.201.137.64/30
S35 = 64.74.240.208/29
S36 = 64.94.190.232/30
S37 = 74.201.138.32/30
S38 = 74.201.138.48/30
S39 = 75.98.62.224/30
S40 = 74.201.138.0/30
S41 = 74.201.138.80/30
S42 = 64.74.242.92/30
S43 = 70.42.41.24/30
S44 = 70.42.45.120/30
S45 = 74.217.49.168/30
S46 = 74.217.49.176/30
S47 = 74.217.50.24/30
S48 = 74.201.152.96/30
S49 = 74.217.51.24/30
S50 = 75.98.40.40/29
S51 = 74.201.129.180/30
S52 = 74.201.129.248/30
S53 = 64.74.254.68/30
S54 = 64.94.177.196/30
S55 = 74.201.138.20/30
S56 = 104.153.107.128/25
S57 = 74.201.136.20/30
S58 = 74.201.136.12/30
S59 = 70.42.47.32/30
S60 = 63.251.17.48/30
S61 = 64.74.240.232/30
S62 = 64.94.177.8/30
S63 = 74.201.164.152/30
S64 = 74.217.51.8/29
S65 = 74.201.138.36/30
S66 = 74.201.138.52/30
S67 = 74.201.138.4/30
S68 = 74.201.138.84/30
S69 = 74.201.136.72/30
S70 = 74.201.254.96/29
S71 = 70.42.41.48/30
S72 = 74.201.64.0/20
S73 = 74.217.227.240/28

--- Top (neighborhood) degrees ---
Degree 1: 122 neighborhoods
Degree 2: 64 neighborhoods
Degree 3: 17 neighborhoods
Degree 4: 13 neighborhoods
Degree 5: N129, N135, N166
Degree 6: N162, N199, N206, N210, N214, N222, N223, N236
Degree 7: N182, N258, N273, N274
Degree 8: N15, N175, N245
Degree 9: N218, N237
Degree 10: N250
Degree 11: N115
Degree 12: N220, N260
Degree 13: N174
Degree 15: N151, N254
Degree 16: N265
Degree 17: N114
Degree 19: N256
Degree 20: N263
Degree 22: N229, N248
Degree 23: N241
Degree 25: N249
Degree 30: N191, N264, N269
Degree 36: N231
Degree 38: N209
Degree 40: N149
Degree 41: N226
Degree 44: N157
Degree 45: N238
Degree 49: N201, N255
Degree 53: N194, N257
Degree 58: N186
Degree 64: N150
Degree 67: N119
Degree 68: N167
Degree 75: N20
Degree 76: N120
Degree 125: N188
Degree 126: N187
Degree 190: N228
Degree 196: N156

--- Bottom (subnet) degrees ---
Degree 1: 2070 subnets
Degree 2: 64 subnets
Degree 3: 64.95.46.180/30 (sound), 74.201.152.118/31, 74.201.254.48/28, 64.74.240.208/29, 74.201.131.192/31, 64.94.177.196/30 (sound), 74.201.254.96/29, 74.201.64.0/20
Degree 7: 216.52.95.0/26 (sound)

--- Base cycles ---
N149, S3, N194, S35
N150, S11, N167, S31
N150, S3, N226, S57, N229, T19, N158, T8, N157, S9
N150, S5 (B), N226, S57, N229, T19, N158, T8, N157, S9
N150, S9, N157, T8, N158, T19, N229, S57, N226, S58, N231, S23, N167, S31
N150, S9, N157, T8, N158, T19, N229, S57, N226, S58, N231, S26 (B), N167, S31
N191, S3, N220, S54
N238, S67, N241, S70
