--- About the graph ---
Total of vertices (all kinds): 293
Hypothetic vertices: 56 / 293 (19.112628%)
Subnet vertices: 140 / 293 (47.781570%)
Known subnet vertices: 84 / 140 (60.000000%)

--- Subnet mappings ---
S1 = 74.201.136.64/30
S2 = 216.52.95.0/26
S3 = 64.74.245.12/30
S4 = 74.201.131.192/31
S5 = 74.201.138.16/30
S6 = 74.201.150.224/29
S7 = 162.248.95.240/28
S8 = 74.201.136.16/30
S9 = 64.74.240.192/29
S10 = 74.201.136.8/30
S11 = 74.201.164.148/30
S12 = 64.94.185.0/25
S13 = 74.201.136.92/30
S14 = 74.201.136.200/30
S15 = 74.201.254.252/30
S16 = 74.217.54.96/29
S17 = 64.74.240.224/30
S18 = 64.74.243.196/31
S19 = 64.74.245.244/30
S20 = 64.94.177.0/30
S21 = 64.94.177.16/30
S22 = 64.95.46.176/30
S23 = 64.95.46.180/30
S24 = 70.42.41.248/29
S25 = 70.42.45.20/30
S26 = 74.201.138.72/29
S27 = 74.201.139.204/30
S28 = 74.201.164.8/30
S29 = 74.201.179.40/30
S30 = 74.201.195.88/30
S31 = 74.201.198.16/30
S32 = 74.201.254.48/28
S33 = 74.217.50.16/29
S34 = 74.217.55.160/30
S35 = 74.201.137.64/30
S36 = 64.74.240.208/29
S37 = 64.94.190.232/30
S38 = 74.201.138.32/30
S39 = 74.201.254.64/28
S40 = 74.201.254.240/30
S41 = 216.52.93.92/30
S42 = 74.201.138.0/30
S43 = 75.98.62.224/30
S44 = 74.201.138.80/30
S45 = 74.201.254.224/30
S46 = 64.94.177.68/30
S47 = 64.74.242.92/30
S48 = 64.74.242.108/30
S49 = 70.42.41.24/30
S50 = 70.42.45.120/30
S51 = 74.201.254.108/30
S52 = 74.217.49.132/30
S53 = 74.217.49.168/30
S54 = 74.217.49.176/30
S55 = 74.217.50.24/30
S56 = 74.201.152.96/30
S57 = 74.201.254.84/30
S58 = 74.201.254.80/30
S59 = 74.217.51.24/30
S60 = 75.98.40.40/29
S61 = 74.201.129.180/30
S62 = 74.201.129.248/30
S63 = 64.74.252.192/26
S64 = 64.74.254.68/30
S65 = 64.94.177.196/30
S66 = 70.42.39.144/29
S67 = 74.201.138.20/30
S68 = 104.153.107.0/24
S69 = 74.201.136.20/30
S70 = 74.201.136.12/30
S71 = 70.42.47.32/30
S72 = 63.251.17.48/30
S73 = 64.74.240.232/30
S74 = 64.94.177.8/30
S75 = 74.201.164.152/30
S76 = 74.217.51.8/29
S77 = 74.201.138.36/30
S78 = 74.201.138.84/30
S79 = 74.217.49.236/30
S80 = 75.98.62.230/31
S81 = 216.52.91.0/25
S82 = 74.201.138.4/30
S83 = 74.201.136.72/30
S84 = 74.201.254.96/29

--- Top (neighborhood) degrees ---
Degree 1: 122 neighborhoods
Degree 2: 71 neighborhoods
Degree 3: 21 neighborhoods
Degree 4: 23 neighborhoods
Degree 5: N196, N223, N225, N262
Degree 6: N168, N189, N219, N232, N258, N275
Degree 7: N138
Degree 8: N13, N230
Degree 9: N240, N259
Degree 13: N270, N278
Degree 14: N193, N272, N280
Degree 15: N156, N285
Degree 19: N181, N283
Degree 20: N180
Degree 21: N134
Degree 23: N266
Degree 24: N135
Degree 27: N251
Degree 30: N284
Degree 31: N253
Degree 34: N153
Degree 36: N222
Degree 37: N248
Degree 40: N163
Degree 43: N260
Degree 49: N281
Degree 50: N279
Degree 51: N243
Degree 57: N203
Degree 64: N211
Degree 69: N197
Degree 70: N173
Degree 71: N155
Degree 78: N17
Degree 131: N198
Degree 134: N199
Degree 194: N250
Degree 199: N162

--- Bottom (subnet) degrees ---
Degree 1: 1940 subnets
Degree 2: 73 subnets
Degree 3: 74.201.136.64/30 (sound), 64.94.185.0/25, 64.95.46.180/30 (sound), 74.201.254.48/28, 64.74.240.208/29, 74.201.254.64/28 (sound), 74.201.131.192/31, 104.153.107.0/24, 216.52.91.0/25 (sound), 74.201.254.96/29
Degree 7: 216.52.95.0/26 (sound)

--- Base cycles ---
N150, S1, N155, S32, N173, S23, N253, S70, N248, S69, N251, T28, N164, T14, N163, S39, N203, S36, N153, T11, N151, T10
N153, S2, N203, S36
N155, S10, N173, S32
N155, S2, N193, S11
N155, S2, N248, S70, N253, S23, N173, S32
N155, S4 (B), N248, S70, N253, S23, N173, S32
N155, S7, N162, S68, N248, S70, N253, S23, N173, S32
N155, S8, N163, T14, N164, T28, N251, S69, N248, S70, N253, S23, N173, S32
N163, S12, N251, T28, N164, T14
N163, T14, N164, T28, N251, S69, N248, S2, N203, S39
N203, S2, N260, S84, N266, T31, N216, T21, N211, S42
N243, S2, N260, S81
N260, S82, N266, S84
