--- About the graph ---
Total of vertices (all kinds): 274
Hypothetic vertices: 45 / 274 (16.423358%)
Subnet vertices: 130 / 274 (47.445255%)
Known subnet vertices: 85 / 130 (65.384615%)

--- Subnet mappings ---
S1 = 64.94.189.192/26
S2 = 64.74.252.0/24
S3 = 216.52.95.0/26
S4 = 64.74.240.208/28
S5 = 64.94.190.232/30
S6 = 74.217.160.0/26
S7 = 216.52.93.92/30
S8 = 74.201.138.0/30
S9 = 64.74.242.92/30
S10 = 75.98.62.224/30
S11 = 74.201.252.0/30
S12 = 74.201.138.80/30
S13 = 64.74.242.108/30
S14 = 70.42.41.24/30
S15 = 70.42.45.120/30
S16 = 74.201.153.128/29
S17 = 74.201.248.64/27
S18 = 74.201.254.48/29
S19 = 74.201.254.108/30
S20 = 74.217.49.168/30
S21 = 74.217.49.176/30
S22 = 74.217.49.224/29
S23 = 74.217.50.24/30
S24 = 74.201.152.96/30
S25 = 74.201.254.84/30
S26 = 74.201.254.80/30
S27 = 74.217.51.24/30
S28 = 75.98.40.40/29
S29 = 64.74.254.16/30
S30 = 64.74.254.32/30
S31 = 64.74.254.36/30
S32 = 64.74.254.64/29
S33 = 74.201.129.180/30
S34 = 74.201.129.248/30
S35 = 74.201.253.52/30
S36 = 70.42.39.144/29
S37 = 63.251.20.248/29
S38 = 64.74.245.12/30
S39 = 74.201.131.192/31
S40 = 74.201.138.16/30
S41 = 74.201.150.224/29
S42 = 75.98.56.0/26
S43 = 104.153.107.128/25
S44 = 74.201.136.8/30
S45 = 64.74.240.192/30
S46 = 74.201.136.16/30
S47 = 74.201.136.64/30
S48 = 64.74.240.224/30
S49 = 64.74.245.240/29
S50 = 64.94.177.0/30
S51 = 64.94.177.16/30
S52 = 64.95.46.176/30
S53 = 64.95.46.180/30
S54 = 70.42.41.248/29
S55 = 74.201.139.204/30
S56 = 74.201.179.40/30
S57 = 74.201.195.88/30
S58 = 74.217.50.16/29
S59 = 64.94.185.0/25
S60 = 74.201.136.92/30
S61 = 74.201.136.200/30
S62 = 74.201.254.252/30
S63 = 74.217.54.96/29
S64 = 64.74.245.60/30
S65 = 64.74.244.36/30
S66 = 74.201.137.64/30
S67 = 70.42.74.248/29
S68 = 74.201.138.20/30
S69 = 162.248.95.240/28
S70 = 74.201.136.12/30
S71 = 74.201.136.20/30
S72 = 63.251.17.48/30
S73 = 64.74.240.232/30
S74 = 64.94.177.8/30
S75 = 74.201.132.196/30
S76 = 74.217.51.8/29
S77 = 70.42.47.32/30
S78 = 74.201.138.84/30
S79 = 75.98.62.228/30
S80 = 74.201.138.4/30
S81 = 64.74.245.20/30
S82 = 75.98.32.8/31
S83 = 75.98.32.10/31
S84 = 75.98.33.0/26
S85 = 75.98.33.174/31

--- Top (neighborhood) degrees ---
Degree 1: 110 neighborhoods
Degree 2: 69 neighborhoods
Degree 3: 24 neighborhoods
Degree 4: 23 neighborhoods
Degree 5: N221, N228
Degree 6: N155, N163, N169, N260
Degree 7: N246, N269
Degree 8: N137, N184, N263
Degree 9: N174
Degree 10: N153, N177, N223
Degree 13: N186
Degree 14: N261
Degree 17: N265
Degree 18: N247
Degree 21: N262
Degree 22: N266, N267
Degree 25: N254
Degree 26: N210, N211
Degree 27: N240
Degree 36: N145
Degree 38: N168
Degree 39: N191
Degree 44: N251
Degree 45: N236
Degree 51: N219
Degree 54: N204
Degree 57: N196
Degree 60: N146
Degree 69: N152
Degree 70: N230
Degree 121: N30
Degree 126: N232
Degree 133: N231
Degree 212: N203
Degree 221: N237
Degree 225: N239
Degree 227: N197

--- Bottom (subnet) degrees ---
Degree 1: 2306 subnets
Degree 2: 72 subnets
Degree 3: 12 subnets
Degree 6: 216.52.95.0/26 (sound)

--- Base cycles ---
N145, S3, N146, S6
N145, S4, N146, S6
N146, S3, N251, S80, N254, S17, N152, S8
N197, S37, N236, S67
N236, S67, N237, S69
N260, S82 (B), N261, S84
N260, S82 (B), N263, S84
