--- About the graph ---
Total of vertices (all kinds): 273
Hypothetic vertices: 47 / 273 (17.216117%)
Subnet vertices: 129 / 273 (47.252747%)
Known subnet vertices: 82 / 129 (63.565891%)

--- Subnet mappings ---
S1 = 64.94.189.128/25
S2 = 74.201.136.64/30
S3 = 216.52.95.0/26
S4 = 64.74.245.12/30
S5 = 74.201.131.192/31
S6 = 74.201.136.60/30
S7 = 74.201.138.16/30
S8 = 74.201.150.224/29
S9 = 162.248.95.240/28
S10 = 74.201.136.8/30
S11 = 74.201.136.16/30
S12 = 64.74.240.192/29
S13 = 74.201.164.148/30
S14 = 64.74.240.224/30
S15 = 64.74.245.244/30
S16 = 64.94.164.100/30
S17 = 64.94.177.0/30
S18 = 64.94.177.16/30
S19 = 64.95.46.176/30
S20 = 64.95.46.180/30
S21 = 70.42.41.248/29
S22 = 70.42.45.20/30
S23 = 74.201.139.204/30
S24 = 74.201.152.118/31
S25 = 74.201.164.8/30
S26 = 74.201.179.40/30
S27 = 74.201.195.88/30
S28 = 74.201.198.16/30
S29 = 74.201.254.48/30
S30 = 74.217.50.16/29
S31 = 74.217.55.160/30
S32 = 64.74.243.196/30
S33 = 74.201.136.92/30
S34 = 74.201.136.200/30
S35 = 74.201.254.252/30
S36 = 74.217.54.96/29
S37 = 74.201.137.64/30
S38 = 216.52.93.228/30
S39 = 70.42.39.144/29
S40 = 64.74.240.208/29
S41 = 64.94.190.232/30
S42 = 74.201.254.64/28
S43 = 74.201.254.240/30
S44 = 75.98.62.224/30
S45 = 74.201.138.0/30
S46 = 74.201.138.80/30
S47 = 74.201.254.224/30
S48 = 64.94.177.68/30
S49 = 64.74.242.92/30
S50 = 70.42.41.24/30
S51 = 70.42.45.120/30
S52 = 74.201.254.108/30
S53 = 74.217.49.168/30
S54 = 74.217.49.176/30
S55 = 74.217.50.24/30
S56 = 74.201.152.96/30
S57 = 74.201.254.84/30
S58 = 74.201.254.80/30
S59 = 74.217.51.24/30
S60 = 75.98.40.40/29
S61 = 74.201.129.180/30
S62 = 74.201.129.248/30
S63 = 64.74.252.192/26
S64 = 64.74.254.68/30
S65 = 74.201.138.20/30
S66 = 104.153.107.0/24
S67 = 74.201.136.20/30
S68 = 74.201.136.12/30
S69 = 70.42.47.32/30
S70 = 63.251.17.48/30
S71 = 64.74.240.232/30
S72 = 64.94.177.8/30
S73 = 74.201.164.152/30
S74 = 74.217.51.8/29
S75 = 74.217.49.236/30
S76 = 75.98.62.228/30
S77 = 216.52.90.0/23
S78 = 74.201.138.4/30
S79 = 74.201.138.84/30
S80 = 74.201.136.72/30
S81 = 74.201.254.96/29
S82 = 70.42.41.48/30

--- Top (neighborhood) degrees ---
Degree 1: 111 neighborhoods
Degree 2: 66 neighborhoods
Degree 3: 18 neighborhoods
Degree 4: 18 neighborhoods
Degree 5: N121, N203
Degree 6: N163, N196, N200, N208, N228, N263
Degree 7: N154, N189, N238
Degree 8: N11, N170, N247
Degree 9: N120, N216, N229
Degree 10: N122
Degree 11: N240
Degree 13: N260
Degree 14: N245
Degree 15: N252
Degree 18: N131, N250
Degree 21: N146, N169
Degree 22: N168, N234
Degree 24: N145
Degree 26: N221
Degree 27: N178
Degree 29: N251
Degree 36: N218
Degree 37: N129, N223
Degree 38: N199
Degree 42: N230, N248
Degree 44: N246
Degree 45: N158, N191
Degree 56: N184
Degree 67: N172
Degree 73: N130
Degree 75: N15
Degree 79: N138
Degree 126: N173
Degree 129: N174
Degree 188: N137
Degree 201: N220

--- Bottom (subnet) degrees ---
Degree 1: 1867 subnets
Degree 2: 72 subnets
Degree 3: 74.201.136.64/30 (sound), 64.95.46.180/30 (sound), 74.201.152.118/31, 64.74.240.208/29, 74.201.254.64/28 (sound), 74.201.136.60/30 (sound), 216.52.90.0/23, 74.201.254.96/29, 162.248.95.240/28 (sound)
Degree 6: 216.52.95.0/26 (sound)

--- Base cycles ---
N126, T2, N127, T4, N129, S40, N184, S42, N158, T7, N159, T19, N221, S67, N218, S66, N220, S9, N130, S2
N129, S3, N184, S40
N129, S3, N230, S77
N130, S3, N218, S66, N220, S9
N130, S6, N218, S66, N220, S9
N130, S9, N220, S66, N218, S67, N221, T19, N159, T7, N158, S11
N130, S9, N220, S66, N218, S68, N223, S24 (B), N138, S10
N138, S20, N223, S24 (B)
N158, T7, N159, T19, N221, S67, N218, S3, N184, S42
N230, S78, N234, S81
