--- About the graph ---
Total of vertices (all kinds): 289
Hypothetic vertices: 55 / 289 (19.031142%)
Subnet vertices: 136 / 289 (47.058824%)
Known subnet vertices: 81 / 136 (59.558824%)

--- Subnet mappings ---
S1 = 64.74.252.0/23
S2 = 64.94.189.128/25
S3 = 216.52.95.0/26
S4 = 216.52.95.64/26
S5 = 64.74.245.12/30
S6 = 74.201.131.192/31
S7 = 74.201.138.16/30
S8 = 162.248.95.248/29
S9 = 74.201.136.16/30
S10 = 64.74.240.192/29
S11 = 74.201.136.10/31
S12 = 74.201.164.148/30
S13 = 74.201.136.64/30
S14 = 64.74.243.196/30
S15 = 64.94.185.0/25
S16 = 74.201.136.92/30
S17 = 74.201.136.200/30
S18 = 74.201.254.252/30
S19 = 74.217.54.96/29
S20 = 64.74.240.224/30
S21 = 64.74.245.244/30
S22 = 64.94.177.0/30
S23 = 64.94.177.16/30
S24 = 64.95.46.176/30
S25 = 64.95.46.180/30
S26 = 70.42.41.248/29
S27 = 70.42.45.20/30
S28 = 74.201.138.72/29
S29 = 74.201.139.204/30
S30 = 74.201.164.8/30
S31 = 74.201.179.40/30
S32 = 74.201.195.88/30
S33 = 74.201.198.16/30
S34 = 74.201.254.48/28
S35 = 74.217.50.16/29
S36 = 74.217.55.160/30
S37 = 74.201.137.64/30
S38 = 64.74.240.208/29
S39 = 64.94.190.232/30
S40 = 74.201.138.32/30
S41 = 216.52.93.92/30
S42 = 74.201.138.0/30
S43 = 75.98.62.224/30
S44 = 74.201.138.80/30
S45 = 74.201.254.224/30
S46 = 64.74.242.92/30
S47 = 64.74.242.108/30
S48 = 70.42.41.24/30
S49 = 70.42.45.120/30
S50 = 74.201.254.108/30
S51 = 74.217.49.132/30
S52 = 74.217.49.168/30
S53 = 74.217.49.176/30
S54 = 74.217.50.24/30
S55 = 74.201.152.96/30
S56 = 74.201.254.84/30
S57 = 74.201.254.80/30
S58 = 74.217.51.24/30
S59 = 75.98.40.40/29
S60 = 74.201.129.180/30
S61 = 74.201.129.248/30
S62 = 64.74.254.68/30
S63 = 64.94.177.196/30
S64 = 70.42.39.144/29
S65 = 74.201.138.20/30
S66 = 74.201.150.240/30
S67 = 104.153.107.128/25
S68 = 74.201.136.20/30
S69 = 74.201.136.12/30
S70 = 70.42.47.32/30
S71 = 63.251.17.48/30
S72 = 64.74.240.232/30
S73 = 64.94.177.8/30
S74 = 74.201.164.152/30
S75 = 74.217.51.8/29
S76 = 74.201.138.36/30
S77 = 74.201.138.84/30
S78 = 75.98.62.228/30
S79 = 74.201.138.4/30
S80 = 74.201.136.72/30
S81 = 74.201.254.96/29

--- Top (neighborhood) degrees ---
Degree 1: 109 neighborhoods
Degree 2: 68 neighborhoods
Degree 3: 19 neighborhoods
Degree 4: 19 neighborhoods
Degree 5: N113, N201, N203
Degree 6: N115, N150, N170, N197, N210, N236, N240
Degree 7: N175, N208
Degree 8: N16
Degree 9: N137, N174, N216, N237
Degree 10: N270
Degree 12: N255
Degree 13: N253
Degree 15: N246, N267
Degree 16: N260
Degree 17: N139, N269
Degree 18: N118
Degree 21: N119, N161, N258
Degree 22: N162
Degree 24: N242
Degree 25: N229
Degree 31: N259
Degree 33: N231, N248
Degree 36: N200
Degree 37: N250
Degree 39: N219
Degree 41: N135
Degree 42: N224, N256
Degree 44: N249
Degree 45: N144
Degree 46: N254
Degree 47: N238
Degree 53: N176
Degree 56: N182
Degree 61: N189
Degree 65: N138
Degree 74: N155
Degree 79: N20
Degree 101: N178
Degree 112: N177
Degree 175: N143
Degree 178: N228

--- Bottom (subnet) degrees ---
Degree 1: 1946 subnets
Degree 2: 73 subnets
Degree 3: 64.94.185.0/25, 64.95.46.180/30 (sound), 74.201.254.48/28, 64.74.240.208/29, 74.201.131.192/31, 162.248.95.248/29, 74.201.254.96/29
Degree 7: 216.52.95.0/26 (sound)

--- Base cycles ---
N135, S3, N182, S38
N138, S3, N224, S6 (B)
N138, S3, N224, S68, N229, T24, N145, T11, N144, S9
N138, S3, N224, S69, N231, S25, N155, S11
N138, S3, N224, S69, N231, S25, N155, S34
N138, S3, N224, S8
N144, T11, N145, T24, N229, S15
N182, S3, N238, S81, N242, T27, N194, T18, N189, S42
N238, S79, N242, S81
