--- About the graph ---
Total of vertices (all kinds): 257
Hypothetic vertices: 53 / 257 (20.622568%)
Subnet vertices: 117 / 257 (45.525292%)
Known subnet vertices: 64 / 117 (54.700855%)

--- Subnet mappings ---
S1 = 185.8.179.32/29
S2 = 5.178.67.24/31
S3 = 178.21.16.74/31
S4 = 46.249.55.192/31
S5 = 37.49.228.128/25
S6 = 46.249.63.192/26
S7 = 185.53.163.128/29
S8 = 185.8.177.32/31
S9 = 185.53.163.40/31
S10 = 185.53.163.42/31
S11 = 5.45.66.0/28
S12 = 5.45.70.0/29
S13 = 5.45.70.8/30
S14 = 37.1.200.0/27
S15 = 37.1.201.8/29
S16 = 5.255.95.100/31
S17 = 91.221.69.128/26
S18 = 178.21.17.160/28
S19 = 185.8.176.16/28
S20 = 185.53.160.128/29
S21 = 185.53.162.224/29
S22 = 185.116.166.0/27
S23 = 103.196.240.0/28
S24 = 46.249.38.32/27
S25 = 46.249.38.160/27
S26 = 5.178.67.0/29
S27 = 5.255.64.192/27
S28 = 5.255.66.224/28
S29 = 5.255.80.0/28
S30 = 5.255.82.0/26
S31 = 31.186.174.32/29
S32 = 31.186.174.44/30
S33 = 31.186.174.80/28
S34 = 46.249.36.40/31
S35 = 46.249.36.42/31
S36 = 46.249.36.48/30
S37 = 91.195.81.104/30
S38 = 93.158.201.176/29
S39 = 146.185.253.0/28
S40 = 46.249.35.0/27
S41 = 46.249.47.16/29
S42 = 93.158.217.144/30
S43 = 93.158.222.68/30
S44 = 185.12.13.64/27
S45 = 46.243.152.0/23
S46 = 46.243.155.128/26
S47 = 188.120.33.0/25
S48 = 188.120.35.128/28
S49 = 91.198.106.16/30
S50 = 91.198.106.36/30
S51 = 91.198.106.64/26
S52 = 91.198.106.128/28
S53 = 91.198.106.144/28
S54 = 91.198.106.160/27
S55 = 91.198.106.232/30
S56 = 193.23.143.70/31
S57 = 193.23.143.88/29
S58 = 193.23.143.192/28
S59 = 193.23.143.224/27
S60 = 194.247.30.108/30
S61 = 194.247.30.160/30
S62 = 194.247.31.8/30
S63 = 194.247.31.16/29
S64 = 194.247.31.80/29

--- Top (neighborhood) degrees ---
Degree 1: N1, N11, N115, N116, N12, N14, N2, N3, N7, N73
Degree 2: 32 neighborhoods
Degree 3: 16 neighborhoods
Degree 4: N101, N119, N130, N16, N82, N83, N9
Degree 5: N10, N138, N26, N38, N76, N78, N98
Degree 6: N141, N142, N24, N33, N6, N96
Degree 7: N123, N19, N54, N87
Degree 8: N105, N107, N109, N146, N21, N53, N75
Degree 9: N104, N15, N69, N95
Degree 10: N106, N67, N91, N92, N97
Degree 11: N148, N93
Degree 12: N20
Degree 13: N100, N137, N151, N152, N74, N80, N94
Degree 14: N132, N136, N147, N99
Degree 16: N149
Degree 17: N144
Degree 18: N143, N145, N153, N50, N55
Degree 19: N102
Degree 23: N117, N133
Degree 26: N48
Degree 27: N61
Degree 29: N51
Degree 34: N134, N47, N65
Degree 36: N57
Degree 41: N13, N43
Degree 42: N131
Degree 45: N60
Degree 49: N64
Degree 51: N56
Degree 55: N63
Degree 56: N66
Degree 59: N44
Degree 64: N58
Degree 66: N52
Degree 72: N18
Degree 80: N30
Degree 89: N45
Degree 93: N62
Degree 101: N59
Degree 111: N46
Degree 120: N42
Degree 127: N31
Degree 148: N49
Degree 226: N41
Degree 249: N68
Degree 265: N79
Degree 635: N86
Degree 657: N108

--- Bottom (subnet) degrees ---
Degree 1: 4238 subnets
Degree 2: 29 subnets
Degree 3: 27 subnets
Degree 4: 46.249.36.48/30 (sound), 146.185.253.0/28, 46.243.152.0/23 (sound), 91.198.106.64/26
Degree 5: 37.1.200.0/27, 5.255.80.0/28
Degree 6: 91.198.106.160/27
Degree 7: 185.8.179.32/29

--- Base cycles ---
N131, S51, N134, S58
N131, S52, N134, S58
N131, S54, N143, S61
N131, S55, N145, S56 (B)
N131, S55, N149, S59
N131, S62, N153, S63
N18, S1, N30, S7
N18, T1, N86, S35 (B), N108, S42
N18, T1, N86, S35 (B), N108, T2
N30, S9, N82, S24, N85, S10
N30, T5, N68, T26, N71, T29, N79, T6
N41, S11, N43, S13
N41, T7, N42, S11
N68, S16 (B), N79, T29, N71, T26
N68, S18, N79, T29, N71, T26
N68, S19, N79, T29, N71, T26
N68, S21, N79, T29, N71, T26
N68, S22, N79, T29, N71, T26
N68, T24, N69, T27, N79, T29, N71, T26
N68, T25, N70, T28, N79, T29, N71, T26
N86, S27, N108, S35 (B)
N86, S28, N108, S35 (B)
N86, S30, N108, S35 (B)
N86, S31, N96, S33
N86, S34 (B), N108, S35 (B)
N86, S34 (B), N99, S36
N86, S35 (B), N108, S36
N86, S35 (B), N108, S37
N86, S35 (B), N108, S41
