--- About the graph ---
Total of vertices (all kinds): 257
Hypothetic vertices: 53 / 257 (20.622568%)
Subnet vertices: 117 / 257 (45.525292%)
Known subnet vertices: 64 / 117 (54.700855%)

--- Subnet mappings ---
S1 = 103.196.240.0/28
S2 = 146.185.253.0/28
S3 = 178.21.16.74/31
S4 = 178.21.17.160/28
S5 = 185.116.166.0/27
S6 = 185.12.13.64/27
S7 = 185.53.160.128/29
S8 = 185.53.162.224/29
S9 = 185.53.163.128/29
S10 = 185.53.163.40/31
S11 = 185.53.163.42/31
S12 = 185.8.176.16/28
S13 = 185.8.177.32/31
S14 = 185.8.179.32/29
S15 = 188.120.33.0/25
S16 = 188.120.35.128/28
S17 = 193.23.143.192/28
S18 = 193.23.143.224/27
S19 = 193.23.143.70/31
S20 = 193.23.143.88/29
S21 = 194.247.30.108/30
S22 = 194.247.30.160/30
S23 = 194.247.31.16/29
S24 = 194.247.31.8/30
S25 = 194.247.31.80/29
S26 = 31.186.174.32/29
S27 = 31.186.174.44/30
S28 = 31.186.174.80/28
S29 = 37.1.200.0/27
S30 = 37.1.201.8/29
S31 = 37.49.228.128/25
S32 = 46.243.152.0/23
S33 = 46.243.155.128/26
S34 = 46.249.35.0/27
S35 = 46.249.36.40/31
S36 = 46.249.36.42/31
S37 = 46.249.36.48/30
S38 = 46.249.38.160/27
S39 = 46.249.38.32/27
S40 = 46.249.47.16/29
S41 = 46.249.55.192/31
S42 = 46.249.63.192/26
S43 = 5.178.67.0/29
S44 = 5.178.67.24/31
S45 = 5.255.64.192/27
S46 = 5.255.66.224/28
S47 = 5.255.80.0/28
S48 = 5.255.82.0/26
S49 = 5.255.95.100/31
S50 = 5.45.66.0/28
S51 = 5.45.70.0/29
S52 = 5.45.70.8/30
S53 = 91.195.81.104/30
S54 = 91.198.106.128/28
S55 = 91.198.106.144/28
S56 = 91.198.106.16/30
S57 = 91.198.106.160/27
S58 = 91.198.106.232/30
S59 = 91.198.106.36/30
S60 = 91.198.106.64/26
S61 = 91.221.69.128/26
S62 = 93.158.201.176/29
S63 = 93.158.217.144/30
S64 = 93.158.222.68/30

--- Degree analysis ---
New figure saved in AS50673_09-03-2020_bip_degree_CDFs.pdf
New figure saved in AS50673_09-03-2020_bip_top_local_density.pdf
Maximum top (neighborhood) degree: 657
Maximum bottom (subnet) degree: 657

--- Base cycles ---
New figure saved in AS50673_09-03-2020_bip_cycles.pdf
N18, T1, N86, S35, N108, T2
N30, S9, N82, S24, N85, S10
N30, T5, N68, T26, N71, T29, N79, T6
N68, S16, N79, T29, N71, T26
N68, S18, N79, T29, N71, T26
N68, S19, N79, T29, N71, T26
N68, S21, N79, T29, N71, T26
N68, S22, N79, T29, N71, T26
N68, T24, N69, T27, N79, T29, N71, T26
N68, T25, N70, T28, N79, T29, N71, T26
N86, S27, N108, S35
N86, S28, N108, S35
N86, S30, N108, S35
N86, S34, N108, S35
N86, S35, N108, S36
N86, S35, N108, S37
