--- About the graph ---
Total of vertices (all kinds): 289
Hypothetic vertices: 69 / 289 (23.875433%)
Subnet vertices: 142 / 289 (49.134948%)
Known subnet vertices: 73 / 142 (51.408451%)

--- Subnet mappings ---
S1 = 134.222.48.232/31
S2 = 134.222.48.222/31
S3 = 134.222.48.246/31
S4 = 134.222.48.192/31
S5 = 134.222.95.68/30
S6 = 134.222.95.128/25
S7 = 134.222.129.196/30
S8 = 134.222.101.14/31
S9 = 134.222.116.224/31
S10 = 134.222.117.4/31
S11 = 134.222.117.36/31
S12 = 134.222.117.128/31
S13 = 134.222.134.194/31
S14 = 134.222.128.8/30
S15 = 134.222.148.140/31
S16 = 194.122.122.156/30
S17 = 134.222.48.244/31
S18 = 134.222.48.212/31
S19 = 134.222.94.212/30
S20 = 134.222.94.240/31
S21 = 194.122.122.24/30
S22 = 134.222.117.132/31
S23 = 134.222.134.152/31
S24 = 134.222.48.120/31
S25 = 134.222.49.86/31
S26 = 134.222.160.0/21
S27 = 194.122.122.40/30
S28 = 134.222.48.156/31
S29 = 134.222.48.174/31
S30 = 134.222.48.158/31
S31 = 194.122.122.44/30
S32 = 134.222.119.24/31
S33 = 194.122.122.60/30
S34 = 194.122.122.68/30
S35 = 134.222.48.122/31
S36 = 134.222.48.200/31
S37 = 134.222.48.106/31
S38 = 134.222.117.224/31
S39 = 134.222.48.194/31
S40 = 134.222.116.194/31
S41 = 134.222.117.38/31
S42 = 134.222.117.130/31
S43 = 134.222.117.188/31
S44 = 134.222.138.144/28
S45 = 134.222.139.0/24
S46 = 134.222.49.56/31
S47 = 134.222.48.206/31
S48 = 134.222.96.250/31
S49 = 134.222.152.100/31
S50 = 134.222.109.82/31
S51 = 134.222.146.254/31
S52 = 134.222.153.70/31
S53 = 194.122.122.80/30
S54 = 194.122.122.96/30
S55 = 134.222.48.230/31
S56 = 134.222.96.192/27
S57 = 134.222.153.248/31
S58 = 134.222.153.252/31
S59 = 134.222.155.238/31
S60 = 134.222.48.216/31
S61 = 134.222.49.108/31
S62 = 134.222.49.48/31
S63 = 134.222.236.0/29
S64 = 194.122.122.108/30
S65 = 194.122.122.112/30
S66 = 134.222.48.68/31
S67 = 134.222.105.196/30
S68 = 194.122.122.132/30
S69 = 134.222.48.108/31
S70 = 134.222.48.112/31
S71 = 194.122.122.140/30
S72 = 194.122.122.144/30
S73 = 134.222.112.32/28

--- Top (neighborhood) degrees ---
Degree 1: N1, N10, N2, N4, N6, N7
Degree 2: 65 neighborhoods
Degree 3: 18 neighborhoods
Degree 4: N12, N123, N138, N18, N50, N60, N64, N74
Degree 5: 12 neighborhoods
Degree 6: N140, N151, N153, N154, N19, N20, N46, N65, N69, N93
Degree 7: N102, N112, N146
Degree 8: N117, N152, N62, N81, N97
Degree 9: N142, N58, N73, N84
Degree 10: N118, N149
Degree 11: N147, N90
Degree 13: N44
Degree 14: N52, N83
Degree 15: N150, N39, N91
Degree 16: N47
Degree 17: N107
Degree 21: N63, N70, N79
Degree 22: N35, N85
Degree 24: N36, N48
Degree 28: N128
Degree 30: N105
Degree 36: N141
Degree 48: N122
Degree 51: N143
Degree 56: N120
Degree 72: N11

--- Bottom (subnet) degrees ---
Degree 1: 764 subnets
Degree 2: 48 subnets
Degree 3: 22 subnets
Degree 4: 134.222.48.222/31, 134.222.48.120/31, 134.222.160.0/21

--- Base cycles ---
N11, S1 (B), N120, S54, N119, T35
N11, T23, N44, S6, N62, T28
N11, T28, N62, S16, N105, S36, N91, S37, N111, S51 (B), N151, S69, N150, S68, N149, T38
N11, T28, N62, S16, N63, S46 (B), N106, S39 (B), N95, S24 (B), N70, S21, N69, T29
N11, T28, N62, S16, N63, S46 (B), N106, S39 (B), N95, S35, N91, S37, N111, S51 (B), N151, S69, N150, S68, N149, T38
N11, T28, N62, S2 (B), N122, S56, N120, S54, N119, T35
N11, T30, N78, S27, N79, S28 (B), N85, S29 (B), N82, S30 (B), N143, S65, N142, T37
N11, T31, N84, S31, N85, S29 (B), N82, S30 (B), N143, S65, N142, T37
N11, T33, N90, S34, N91, S37, N111, S51 (B), N151, S69, N150, S68, N149, T38
N111, S50 (B), N151, S51 (B)
N120, S55, N122, S56
N36, S2 (B), N62, S16, N63, S46 (B), N106, S39 (B), N102, S44, N39, S4
N36, S2 (B), N62, S16, N63, S46 (B), N106, S39 (B), N102, S45
N63, S16, N105, S46 (B)
N63, S46 (B), N105, S47 (B)
N70, S24 (B), N97, S42 (B)
N70, S40 (B), N97, S42 (B)
N70, S41 (B), N97, S42 (B)
N70, S42 (B), N97, S43 (B)
N73, S24 (B), N95, S38 (B)
N73, S24 (B), N95, S39 (B), N106, S25 (B)
N81, S28 (B), N85, S29 (B)
