--- About the graph ---
Total of vertices (all kinds): 336
Hypothetic vertices: 74 / 336 (22.023810%)
Subnet vertices: 161 / 336 (47.916667%)
Known subnet vertices: 87 / 161 (54.037267%)

--- Subnet mappings ---
S1 = 104.153.107.128/25
S2 = 162.248.95.248/29
S3 = 216.52.91.0/25
S4 = 216.52.95.0/26
S5 = 216.52.95.64/26
S6 = 63.251.17.48/30
S7 = 63.251.27.50/31
S8 = 64.74.240.194/31
S9 = 64.74.240.208/29
S10 = 64.74.240.232/30
S11 = 64.74.240.242/31
S12 = 64.74.242.108/30
S13 = 64.74.242.94/31
S14 = 64.74.244.176/29
S15 = 64.74.244.36/30
S16 = 64.74.245.12/30
S17 = 64.74.245.240/29
S18 = 64.74.245.62/31
S19 = 64.74.252.0/23
S20 = 64.74.254.0/25
S21 = 64.94.177.18/31
S22 = 64.94.177.196/30
S23 = 64.94.177.68/30
S24 = 64.94.177.8/30
S25 = 64.94.185.0/25
S26 = 64.94.189.192/26
S27 = 64.94.190.232/30
S28 = 64.95.46.176/30
S29 = 64.95.46.180/30
S30 = 70.42.39.144/29
S31 = 70.42.41.248/30
S32 = 70.42.41.26/31
S33 = 70.42.45.120/30
S34 = 70.42.45.20/30
S35 = 70.42.47.32/30
S36 = 74.201.129.180/30
S37 = 74.201.129.248/30
S38 = 74.201.131.192/31
S39 = 74.201.136.14/31
S40 = 74.201.136.16/30
S41 = 74.201.136.20/30
S42 = 74.201.136.200/30
S43 = 74.201.136.66/31
S44 = 74.201.136.8/30
S45 = 74.201.136.92/30
S46 = 74.201.137.64/30
S47 = 74.201.138.0/30
S48 = 74.201.138.18/31
S49 = 74.201.138.20/30
S50 = 74.201.138.6/31
S51 = 74.201.138.72/29
S52 = 74.201.138.80/30
S53 = 74.201.138.84/30
S54 = 74.201.139.204/30
S55 = 74.201.150.224/29
S56 = 74.201.152.96/30
S57 = 74.201.164.152/30
S58 = 74.201.179.40/30
S59 = 74.201.181.238/31
S60 = 74.201.195.88/30
S61 = 74.201.198.16/30
S62 = 74.201.208.56/30
S63 = 74.201.252.0/30
S64 = 74.201.252.196/30
S65 = 74.201.253.52/30
S66 = 74.201.254.108/30
S67 = 74.201.254.224/30
S68 = 74.201.254.240/30
S69 = 74.201.254.254/31
S70 = 74.201.254.48/29
S71 = 74.201.254.80/30
S72 = 74.201.254.84/30
S73 = 74.201.254.96/29
S74 = 74.217.160.0/26
S75 = 74.217.49.168/30
S76 = 74.217.49.176/30
S77 = 74.217.49.236/30
S78 = 74.217.50.16/29
S79 = 74.217.50.24/30
S80 = 74.217.51.24/30
S81 = 74.217.51.8/29
S82 = 74.217.54.96/30
S83 = 75.98.40.168/30
S84 = 75.98.40.40/30
S85 = 75.98.56.0/26
S86 = 75.98.62.226/31
S87 = 75.98.62.228/30

--- Degree analysis ---
New figure saved in AS13789_05-09-2020_bip_degree_CDFs.pdf
New figure saved in AS13789_05-09-2020_bip_top_local_density.pdf
Maximum top (neighborhood) degree: 219
Maximum bottom (subnet) degree: 219

--- Base cycles ---
New figure saved in AS13789_05-09-2020_bip_cycles.pdf
N142, S4, N143, T9, N155, T34, N280, S84, N275, S5
N143, S4, N186, S5, N275, S84, N280, T34, N155, T9
N215, S5, N253, S71, N267, S65, N240, S48
