--- About the graph ---
Total of vertices (all kinds): 248
Hypothetic vertices: 49 / 248 (19.758065%)
Subnet vertices: 114 / 248 (45.967742%)
Known subnet vertices: 65 / 114 (57.017544%)

--- Subnet mappings ---
S1 = 103.196.240.0/28
S2 = 146.185.253.0/28
S3 = 178.21.16.72/31
S4 = 178.21.17.172/31
S5 = 185.116.166.0/27
S6 = 185.12.13.64/27
S7 = 185.53.160.128/28
S8 = 185.53.162.224/29
S9 = 185.53.163.128/29
S10 = 185.53.163.40/31
S11 = 185.8.176.0/26
S12 = 185.8.177.32/29
S13 = 185.8.179.32/31
S14 = 185.8.179.34/31
S15 = 185.8.179.36/30
S16 = 188.120.33.0/25
S17 = 188.120.35.128/28
S18 = 193.23.143.200/29
S19 = 193.23.143.224/27
S20 = 193.23.143.70/31
S21 = 193.23.143.88/29
S22 = 194.247.30.108/30
S23 = 194.247.30.160/30
S24 = 194.247.31.16/29
S25 = 194.247.31.8/30
S26 = 194.247.31.80/29
S27 = 31.186.174.32/29
S28 = 31.186.174.44/30
S29 = 31.186.174.80/28
S30 = 37.1.200.0/27
S31 = 37.1.201.8/30
S32 = 37.49.228.128/25
S33 = 46.243.152.0/23
S34 = 46.243.155.160/28
S35 = 46.249.35.16/28
S36 = 46.249.36.32/29
S37 = 46.249.36.40/29
S38 = 46.249.36.48/30
S39 = 46.249.38.0/26
S40 = 46.249.47.16/29
S41 = 46.249.55.192/31
S42 = 46.249.63.242/31
S43 = 46.249.63.252/30
S44 = 5.178.67.0/29
S45 = 5.178.67.24/31
S46 = 5.255.64.208/28
S47 = 5.255.66.224/28
S48 = 5.255.80.0/27
S49 = 5.255.82.0/26
S50 = 5.255.95.96/27
S51 = 5.45.66.0/28
S52 = 5.45.70.0/29
S53 = 5.45.70.8/30
S54 = 91.195.80.56/29
S55 = 91.195.81.96/28
S56 = 91.198.106.0/27
S57 = 91.198.106.128/28
S58 = 91.198.106.144/28
S59 = 91.198.106.160/27
S60 = 91.198.106.232/30
S61 = 91.198.106.36/30
S62 = 91.198.106.64/26
S63 = 93.158.217.144/30
S64 = 93.158.217.96/31
S65 = 93.158.222.68/30

--- Degree analysis ---
New figure saved in AS50673_29-12-2019_bip_degree_CDFs.pdf
New figure saved in AS50673_29-12-2019_bip_top_local_density.pdf
Maximum top (neighborhood) degree: 667
Maximum bottom (subnet) degree: 667

--- Base cycles ---
New figure saved in AS50673_29-12-2019_bip_cycles.pdf
N21, T1, N84, S36, N109, T2
N84, S27, N109, S36
N84, S28, N109, S36
N84, S30, N109, S36
N84, S36, N109, S37
N84, S36, N109, S38
N84, S36, N109, S39
