--- About the graph ---
Total of vertices (all kinds): 248
Hypothetic vertices: 49 / 248 (19.758065%)
Subnet vertices: 114 / 248 (45.967742%)
Known subnet vertices: 65 / 114 (57.017544%)

--- Subnet mappings ---
S1 = 5.178.67.24/31
S2 = 93.158.217.96/31
S3 = 185.8.179.32/31
S4 = 185.8.179.34/31
S5 = 185.8.179.36/30
S6 = 46.249.55.192/31
S7 = 185.8.177.32/29
S8 = 5.45.66.0/28
S9 = 5.45.70.0/29
S10 = 5.45.70.8/30
S11 = 37.1.200.0/27
S12 = 37.1.201.8/30
S13 = 5.255.95.96/27
S14 = 46.249.63.242/31
S15 = 178.21.17.172/31
S16 = 185.8.176.0/26
S17 = 185.53.160.128/28
S18 = 185.53.162.224/29
S19 = 185.53.163.128/29
S20 = 185.116.166.0/27
S21 = 37.49.228.128/25
S22 = 46.249.63.252/30
S23 = 103.196.240.0/28
S24 = 185.53.163.40/31
S25 = 46.249.38.0/26
S26 = 5.178.67.0/29
S27 = 5.255.64.208/28
S28 = 5.255.66.224/28
S29 = 5.255.80.0/27
S30 = 5.255.82.0/26
S31 = 31.186.174.32/29
S32 = 31.186.174.44/30
S33 = 31.186.174.80/28
S34 = 46.249.35.16/28
S35 = 46.249.36.32/29
S36 = 46.249.36.40/29
S37 = 46.249.36.48/30
S38 = 91.195.80.56/29
S39 = 91.195.81.96/28
S40 = 146.185.253.0/28
S41 = 178.21.16.72/31
S42 = 46.249.47.16/29
S43 = 93.158.217.144/30
S44 = 93.158.222.68/30
S45 = 185.12.13.64/27
S46 = 46.243.152.0/23
S47 = 46.243.155.160/28
S48 = 188.120.33.0/25
S49 = 188.120.35.128/28
S50 = 91.198.106.0/27
S51 = 91.198.106.36/30
S52 = 91.198.106.64/26
S53 = 91.198.106.128/28
S54 = 91.198.106.144/28
S55 = 91.198.106.160/27
S56 = 91.198.106.232/30
S57 = 193.23.143.70/31
S58 = 193.23.143.88/29
S59 = 193.23.143.200/29
S60 = 193.23.143.224/27
S61 = 194.247.30.108/30
S62 = 194.247.30.160/30
S63 = 194.247.31.8/30
S64 = 194.247.31.16/29
S65 = 194.247.31.80/29

--- Top (neighborhood) degrees ---
Degree 1: 13 neighborhoods
Degree 2: 34 neighborhoods
Degree 3: 15 neighborhoods
Degree 4: N10, N101, N117, N25, N26, N81
Degree 5: N110, N138, N30, N70, N76
Degree 6: N14, N141, N23, N94, N96
Degree 7: N105, N122, N142, N146, N45
Degree 8: N108, N15, N18, N93
Degree 9: N106, N31, N73, N91
Degree 10: N67, N85, N95
Degree 11: N104, N56, N65, N90
Degree 13: N148, N151, N152, N61, N89, N99
Degree 14: N100, N12, N137, N58
Degree 15: N136, N79
Degree 16: N132, N147, N92
Degree 17: N144, N149
Degree 18: N143, N145
Degree 19: N153
Degree 21: N103
Degree 24: N115, N41
Degree 25: N133
Degree 26: N39
Degree 27: N43
Degree 29: N50
Degree 34: N134
Degree 36: N38
Degree 40: N19, N34
Degree 41: N131, N54
Degree 42: N46
Degree 45: N49
Degree 53: N53
Degree 54: N44
Degree 56: N35
Degree 57: N28
Degree 59: N55
Degree 61: N40
Degree 62: N47
Degree 65: N21
Degree 68: N52
Degree 82: N51
Degree 90: N36
Degree 93: N42
Degree 95: N33
Degree 104: N37
Degree 107: N48
Degree 114: N29
Degree 210: N32
Degree 293: N57
Degree 299: N74
Degree 648: N84
Degree 668: N109

--- Bottom (subnet) degrees ---
Degree 1: 4241 subnets
Degree 2: 31 subnets
Degree 3: 25 subnets
Degree 4: 37.49.228.128/25 (sound), 46.249.36.40/29, 91.195.80.56/29 (sound), 146.185.253.0/28, 46.243.152.0/23 (sound), 91.198.106.64/26
Degree 5: 37.1.200.0/27, 5.255.80.0/27
Degree 6: 91.198.106.160/27

--- Base cycles ---
N131, S52, N134, S53
N131, S55, N143, S62
N131, S56, N145, S57 (B)
N131, S56, N149, S60
N131, S63, N153, S64
N21, T1, N84, S36, N109, S43
N21, T1, N84, S36, N109, T2
N32, S8, N34, S10
N84, S27, N109, S36
N84, S28, N109, S36
N84, S30, N109, S36
N84, S31, N94, S33
N84, S35, N109, S36
N84, S36, N109, S37
N84, S36, N109, S38
N84, S36, N109, S39
N84, S36, N109, S42
N84, S38, N103, S39
