--- About the graph ---
Total of vertices (all kinds): 276
Hypothetic vertices: 52 / 276 (18.840580%)
Subnet vertices: 129 / 276 (46.739130%)
Known subnet vertices: 77 / 129 (59.689922%)

--- Subnet mappings ---
S1 = 64.74.252.192/26
S2 = 64.94.189.128/25
S3 = 216.52.95.0/26
S4 = 64.74.245.12/30
S5 = 74.201.131.192/31
S6 = 74.201.138.16/30
S7 = 74.201.150.224/29
S8 = 162.248.95.240/28
S9 = 74.201.136.8/30
S10 = 74.201.136.16/30
S11 = 64.74.240.192/29
S12 = 74.201.164.148/30
S13 = 74.201.136.64/30
S14 = 64.74.240.224/30
S15 = 64.74.245.244/30
S16 = 64.94.164.100/30
S17 = 64.94.177.0/30
S18 = 64.94.177.16/30
S19 = 64.95.46.176/30
S20 = 64.95.46.180/30
S21 = 70.42.41.248/29
S22 = 74.201.138.72/29
S23 = 74.201.139.204/30
S24 = 74.201.152.118/31
S25 = 74.201.164.8/30
S26 = 74.201.179.40/30
S27 = 74.201.195.88/30
S28 = 74.201.198.16/30
S29 = 74.201.254.48/30
S30 = 74.217.50.16/29
S31 = 74.217.55.160/30
S32 = 64.74.243.196/30
S33 = 74.201.136.92/30
S34 = 74.201.136.200/30
S35 = 74.201.254.252/30
S36 = 74.217.54.96/29
S37 = 74.201.137.64/30
S38 = 74.201.138.20/30
S39 = 104.153.107.0/24
S40 = 74.201.136.20/30
S41 = 74.201.136.12/30
S42 = 70.42.47.32/30
S43 = 63.251.17.48/30
S44 = 64.74.240.232/30
S45 = 64.94.177.8/30
S46 = 74.201.164.152/30
S47 = 74.217.51.8/29
S48 = 64.94.177.196/30
S49 = 70.42.39.144/29
S50 = 64.74.240.208/29
S51 = 64.94.190.232/30
S52 = 74.201.138.32/30
S53 = 74.201.138.48/30
S54 = 74.201.138.0/30
S55 = 75.98.62.224/30
S56 = 74.201.138.80/30
S57 = 64.74.242.92/30
S58 = 70.42.41.24/30
S59 = 70.42.45.120/30
S60 = 74.201.254.108/30
S61 = 74.217.49.168/30
S62 = 74.217.49.176/30
S63 = 74.217.50.24/30
S64 = 74.201.152.96/30
S65 = 74.201.254.84/30
S66 = 74.201.254.80/30
S67 = 74.217.51.24/30
S68 = 75.98.40.40/29
S69 = 74.201.129.180/30
S70 = 74.201.129.248/30
S71 = 64.74.254.68/30
S72 = 74.201.138.36/30
S73 = 74.201.138.4/30
S74 = 74.201.138.84/30
S75 = 74.201.136.72/30
S76 = 74.201.254.96/29
S77 = 70.42.41.48/30

--- Top (neighborhood) degrees ---
Degree 1: 79 neighborhoods
Degree 2: 66 neighborhoods
Degree 3: 22 neighborhoods
Degree 4: 16 neighborhoods
Degree 5: N192, N195
Degree 6: N144, N169, N188, N202, N91
Degree 7: N106, N135, N200, N218
Degree 8: N14, N151, N214
Degree 9: N170, N206, N221, N236
Degree 10: N216, N4, N90, N92
Degree 11: N100, N223
Degree 15: N228
Degree 16: N112
Degree 17: N150
Degree 19: N226
Degree 22: N210
Degree 23: N127
Degree 24: N149
Degree 25: N126, N162
Degree 29: N224
Degree 30: N222, N227
Degree 35: N158
Degree 37: N110
Degree 39: N164, N191
Degree 42: N208
Degree 44: N139
Degree 46: N171
Degree 52: N177, N183
Degree 69: N153
Degree 74: N111
Degree 78: N119, N18
Degree 120: N155
Degree 130: N154
Degree 226: N161
Degree 230: N118

--- Bottom (subnet) degrees ---
Degree 1: 1929 subnets
Degree 2: 70 subnets
Degree 3: 64.95.46.180/30 (sound), 74.201.152.118/31, 74.201.131.192/31, 64.74.240.208/29, 74.201.254.96/29, 162.248.95.240/28 (sound)
Degree 6: 216.52.95.0/26 (sound)

--- Base cycles ---
N110, S3, N177, S50
N111, S3, N158, S5 (B)
N111, S5 (B), N158, S39, N161, S8
N111, S5 (B), N158, S40, N162, T17, N140, T11, N139, S10
N111, S5 (B), N158, S41, N164, S24 (B), N119, S9
N119, S20, N164, S24 (B)
N208, S73, N210, S76
