--- About the graph ---
Total of vertices (all kinds): 287
Hypothetic vertices: 51 / 287 (17.770035%)
Subnet vertices: 136 / 287 (47.386760%)
Known subnet vertices: 85 / 136 (62.500000%)

--- Subnet mappings ---
S1 = 64.94.189.128/25
S2 = 216.52.95.0/26
S3 = 64.74.245.12/30
S4 = 74.201.131.192/31
S5 = 74.201.138.16/30
S6 = 74.201.150.224/30
S7 = 162.248.95.240/28
S8 = 74.201.136.16/30
S9 = 64.74.240.192/29
S10 = 74.201.136.8/30
S11 = 74.201.164.148/30
S12 = 74.201.136.64/30
S13 = 64.94.185.0/25
S14 = 74.201.136.92/30
S15 = 74.201.136.200/30
S16 = 74.201.254.252/30
S17 = 74.217.54.96/29
S18 = 64.74.240.224/30
S19 = 64.74.243.196/31
S20 = 64.74.245.244/30
S21 = 64.94.177.0/30
S22 = 64.94.177.16/30
S23 = 64.95.46.176/30
S24 = 64.95.46.180/30
S25 = 70.42.41.248/29
S26 = 70.42.45.20/30
S27 = 74.201.138.72/29
S28 = 74.201.139.204/30
S29 = 74.201.164.8/30
S30 = 74.201.179.40/30
S31 = 74.201.195.88/30
S32 = 74.201.198.16/30
S33 = 74.201.254.48/30
S34 = 74.217.50.16/29
S35 = 74.217.55.160/30
S36 = 74.201.137.64/30
S37 = 74.201.138.20/30
S38 = 104.153.107.128/25
S39 = 74.201.136.20/30
S40 = 74.201.136.12/30
S41 = 70.42.47.32/30
S42 = 63.251.17.48/30
S43 = 64.74.240.232/30
S44 = 64.94.177.8/30
S45 = 74.201.164.152/30
S46 = 74.217.51.8/29
S47 = 64.74.240.208/29
S48 = 64.94.190.232/30
S49 = 74.201.254.64/28
S50 = 74.201.254.240/30
S51 = 216.52.93.92/30
S52 = 74.201.138.0/30
S53 = 75.98.62.224/30
S54 = 74.201.138.80/30
S55 = 74.201.254.224/30
S56 = 64.94.177.68/30
S57 = 64.74.242.92/30
S58 = 64.74.242.108/30
S59 = 70.42.41.24/30
S60 = 70.42.45.120/30
S61 = 74.201.254.108/30
S62 = 74.217.49.132/30
S63 = 74.217.49.168/30
S64 = 74.217.49.176/30
S65 = 74.217.50.24/30
S66 = 74.201.152.96/30
S67 = 74.201.254.84/30
S68 = 74.201.254.80/30
S69 = 74.217.51.24/30
S70 = 75.98.40.40/29
S71 = 74.201.129.180/30
S72 = 74.201.129.248/30
S73 = 64.74.252.192/26
S74 = 64.74.254.68/30
S75 = 64.94.177.196/30
S76 = 216.52.93.228/30
S77 = 70.42.39.144/29
S78 = 74.201.138.84/30
S79 = 74.201.254.28/31
S80 = 74.217.49.236/30
S81 = 75.98.62.228/30
S82 = 216.52.90.0/23
S83 = 74.201.138.4/30
S84 = 74.201.136.72/30
S85 = 74.201.254.96/29

--- Top (neighborhood) degrees ---
Degree 1: 121 neighborhoods
Degree 2: 72 neighborhoods
Degree 3: 19 neighborhoods
Degree 4: 22 neighborhoods
Degree 5: N129, N223, N225, N232
Degree 6: N157, N178, N201, N219, N282
Degree 8: N13, N182
Degree 9: N202, N230, N240
Degree 15: N136, N261, N278
Degree 16: N269, N274
Degree 17: N146
Degree 21: N169, N170, N272
Degree 22: N134
Degree 23: N255
Degree 25: N194
Degree 27: N135, N259
Degree 31: N196, N273
Degree 32: N243
Degree 34: N138
Degree 36: N222
Degree 37: N190
Degree 38: N144, N270
Degree 42: N152
Degree 47: N249
Degree 56: N211
Degree 58: N203
Degree 69: N145, N184
Degree 73: N162
Degree 78: N17
Degree 131: N185
Degree 134: N186
Degree 212: N193
Degree 214: N151

--- Bottom (subnet) degrees ---
Degree 1: 1959 subnets
Degree 2: 76 subnets
Degree 3: 64.94.185.0/25, 64.95.46.180/30 (sound), 104.153.107.128/25, 64.74.240.208/29, 74.201.254.64/28 (sound), 162.248.95.240/28 (sound), 216.52.90.0/23, 74.201.254.96/29
Degree 7: 216.52.95.0/26 (sound)

--- Base cycles ---
N144, S2, N249, S82
N144, S47, N203, S52, N211, T18, N216, T25, N255, S85, N249, S82
N145, S10, N162, S24, N196, S40, N190, S38
N145, S2, N190, S40, N196, S24, N162, S10
N145, S7, N193, S38
N145, S8, N152, T8, N153, T15, N194, S39, N190, S40, N196, S24, N162, S10
N152, T8, N153, T15, N194, S13
N152, T8, N153, T15, N194, S39, N190, S2, N203, S49
N203, S2, N249, S85, N255, T25, N216, T18, N211, S52
N249, S83, N255, S85
