--- About the graph ---
Total of vertices (all kinds): 272
Hypothetic vertices: 71 / 272 (26.102941%)
Subnet vertices: 132 / 272 (48.529412%)
Known subnet vertices: 61 / 132 (46.212121%)

--- Subnet mappings ---
S1 = 134.222.48.224/31
S2 = 194.122.122.40/30
S3 = 194.122.122.100/30
S4 = 194.122.122.96/30
S5 = 134.222.153.248/31
S6 = 134.222.153.252/31
S7 = 134.222.49.108/31
S8 = 134.222.236.0/29
S9 = 134.222.48.208/31
S10 = 134.222.153.70/31
S11 = 134.222.48.200/31
S12 = 134.222.48.244/31
S13 = 134.222.48.206/31
S14 = 134.222.49.56/31
S15 = 134.222.96.250/31
S16 = 134.222.152.100/31
S17 = 134.222.49.86/31
S18 = 134.222.160.0/21
S19 = 134.222.92.224/28
S20 = 134.222.95.68/30
S21 = 134.222.95.128/25
S22 = 134.222.129.196/30
S23 = 134.222.101.14/31
S24 = 134.222.109.80/28
S25 = 134.222.146.254/31
S26 = 134.222.112.32/28
S27 = 134.222.116.194/31
S28 = 134.222.117.38/31
S29 = 134.222.117.130/31
S30 = 134.222.117.132/31
S31 = 134.222.117.188/31
S32 = 134.222.116.224/31
S33 = 134.222.117.4/31
S34 = 134.222.117.36/31
S35 = 134.222.117.128/31
S36 = 134.222.134.194/31
S37 = 134.222.128.8/30
S38 = 134.222.148.140/31
S39 = 194.122.122.16/31
S40 = 134.222.48.246/31
S41 = 134.222.48.192/31
S42 = 134.222.48.222/31
S43 = 134.222.152.64/31
S44 = 134.222.155.238/31
S45 = 134.222.49.48/31
S46 = 134.222.48.214/31
S47 = 134.222.94.212/30
S48 = 134.222.94.240/31
S49 = 194.122.122.60/30
S50 = 194.122.122.68/30
S51 = 134.222.48.114/31
S52 = 134.222.48.122/31
S53 = 134.222.117.224/31
S54 = 134.222.48.194/31
S55 = 134.222.138.144/28
S56 = 134.222.139.64/26
S57 = 194.122.122.108/30
S58 = 194.122.122.112/30
S59 = 134.222.48.68/31
S60 = 134.222.105.196/30
S61 = 194.122.122.132/30

--- Top (neighborhood) degrees ---
Degree 1: N1, N10, N2, N4, N6, N7
Degree 2: 67 neighborhoods
Degree 3: 18 neighborhoods
Degree 4: N108, N119, N15, N28, N43, N48, N78
Degree 5: N124, N125, N138, N17, N24, N3, N30, N33, N46, N93
Degree 6: N120, N129, N19, N21, N89, N90
Degree 7: N146, N20, N54, N82
Degree 8: N106, N134, N140
Degree 9: N128, N149, N62, N92
Degree 10: N110, N130
Degree 11: N116, N147, N150
Degree 12: N127, N80
Degree 13: N126
Degree 14: N113
Degree 15: N100, N58, N83
Degree 16: N52, N94
Degree 19: N50
Degree 20: N111, N38, N69
Degree 24: N84
Degree 32: N139
Degree 37: N42
Degree 47: N56
Degree 53: N40
Degree 55: N141
Degree 85: N14

--- Bottom (subnet) degrees ---
Degree 1: 698 subnets
Degree 2: 42 subnets
Degree 3: 15 subnets
Degree 4: 134.222.138.144/28 (sound)
Degree 5: 134.222.48.224/31, 134.222.48.200/31
Degree 6: 134.222.160.0/21

--- Base cycles ---
N110, S11 (B), N127, S52, N130, S54, N134, S56, N111, S39 (B)
N111, S41, N113, S55, N134, S56
N111, S42, N116, S11 (B), N127, S52, N130, S54, N134, S56
N14, S1 (B), N111, S56, N134, S54, N130, S52, N127, S50, N126, T39
N14, T25, N40, S2, N116, S42, N111, S56, N134, S54, N130, S52, N127, S50, N126, T39
N14, T27, N69, S19, N40, S2, N116, S42, N111, S56, N134, S54, N130, S52, N127, S50, N126, T39
N14, T29, N80, S21, N110, S39 (B), N111, S56, N134, S54, N130, S52, N127, S50, N126, T39
N14, T31, N89, S24, N126, T39
N14, T37, N110, S39 (B), N111, S56, N134, S54, N130, S52, N127, S50, N126, T39
N40, S2, N116, S11 (B), N54, S4
N40, S2, N116, S11 (B), N56, S3
N40, S2, N116, S42, N111, S1 (B), N50, S4
N40, S2, N116, S42, N111, S1 (B), N54, S4
N40, S2, N116, S42, N111, S39 (B), N49, S9 (B), N56, S3
N40, S2, N116, S42, N111, S56, N134, S54, N130, S17 (B), N62, S14, N56, S3
N40, S2, N116, S42, N111, S56, N134, S54, N130, S53 (B), N62, S14, N56, S3
N42, S2, N116, S45 (B)
N42, S43 (B), N116, S45 (B)
N42, S44 (B), N116, S45 (B)
N48, S3, N56, S9 (B)
N50, S4, N54, S10 (B)
