--- About the graph ---
Total of vertices (all kinds): 270
Hypothetic vertices: 71 / 270 (26.296296%)
Subnet vertices: 131 / 270 (48.518519%)
Known subnet vertices: 60 / 131 (45.801527%)

--- Subnet mappings ---
S1 = 134.222.48.224/31
S2 = 134.222.122.124/30
S3 = 134.222.48.192/31
S4 = 134.222.48.222/31
S5 = 134.222.152.64/31
S6 = 134.222.155.238/31
S7 = 134.222.48.200/31
S8 = 134.222.48.244/31
S9 = 134.222.48.206/31
S10 = 134.222.49.56/31
S11 = 134.222.96.250/31
S12 = 134.222.152.100/31
S13 = 134.222.49.86/31
S14 = 134.222.160.0/21
S15 = 134.222.153.70/31
S16 = 134.222.48.208/31
S17 = 134.222.48.210/31
S18 = 134.222.153.248/31
S19 = 134.222.153.252/31
S20 = 134.222.49.48/31
S21 = 134.222.49.108/31
S22 = 134.222.48.214/31
S23 = 134.222.94.212/30
S24 = 134.222.94.240/31
S25 = 134.222.236.4/30
S26 = 134.222.92.224/28
S27 = 134.222.95.68/30
S28 = 134.222.95.128/25
S29 = 134.222.129.196/30
S30 = 134.222.101.14/31
S31 = 134.222.109.80/28
S32 = 134.222.146.254/31
S33 = 134.222.112.32/28
S34 = 134.222.116.194/31
S35 = 134.222.117.38/31
S36 = 134.222.117.130/31
S37 = 134.222.117.132/31
S38 = 134.222.117.188/31
S39 = 134.222.116.224/31
S40 = 134.222.117.4/31
S41 = 134.222.117.36/31
S42 = 134.222.117.128/31
S43 = 134.222.134.194/31
S44 = 134.222.128.8/30
S45 = 134.222.148.140/31
S46 = 194.122.122.60/30
S47 = 194.122.122.68/30
S48 = 134.222.48.114/31
S49 = 134.222.48.122/31
S50 = 134.222.117.224/31
S51 = 134.222.48.194/31
S52 = 134.222.138.144/28
S53 = 134.222.139.64/26
S54 = 194.122.122.108/30
S55 = 194.122.122.112/30
S56 = 134.222.48.68/31
S57 = 134.222.105.196/30
S58 = 134.222.48.158/31
S59 = 134.222.48.12/31
S60 = 194.122.122.132/30

--- Top (neighborhood) degrees ---
Degree 1: N1, N10, N12, N2, N3, N5, N7, N8
Degree 2: 65 neighborhoods
Degree 3: 15 neighborhoods
Degree 4: N122, N125, N148, N16, N31, N52, N69, N91, N99
Degree 5: 12 neighborhoods
Degree 6: N103, N104, N126, N130, N18, N23, N48, N74
Degree 7: N141, N22, N25, N4, N64
Degree 8: N120, N135, N95
Degree 9: N106, N129, N57
Degree 10: N131, N150
Degree 11: N151
Degree 12: N128, N93
Degree 13: N127, N53
Degree 14: N45
Degree 15: N114
Degree 16: N108, N42, N96
Degree 19: N80
Degree 20: N39, N44, N82
Degree 29: N97
Degree 30: N140
Degree 44: N68
Degree 50: N124, N51
Degree 54: N142
Degree 89: N13

--- Bottom (subnet) degrees ---
Degree 1: 706 subnets
Degree 2: 41 subnets
Degree 3: 13 subnets
Degree 4: 134.222.48.210/31, 134.222.48.222/31, 134.222.138.144/28 (sound), 134.222.48.200/31
Degree 5: 134.222.48.224/31
Degree 6: 134.222.160.0/21

--- Base cycles ---
N13, T9, N25, S28, N93, T27
N44, S1 (B), N64, S7 (B), N51, S17 (B), N68, S4 (B)
N44, S1 (B), N80, S59 (B), N148, S49 (B), N131, S51, N135, S53
N44, S3, N45, S52, N135, S53
N44, S4 (B), N68, S17 (B), N51, S10, N57, S13 (B), N131, S51, N135, S53
N44, S4 (B), N68, S17 (B), N51, S10, N57, S50 (B), N131, S51, N135, S53
N44, S4 (B), N68, S17 (B), N51, S7 (B), N128, S49 (B), N131, S51, N135, S53
N44, S4 (B), N68, S17 (B), N51, S7 (B), N64, S15 (B), N80, S59 (B), N148, S49 (B), N131, S51, N135, S53
N48, S4 (B), N68, S17 (B), N51, S7 (B)
N48, S4 (B), N68, S5 (B)
N48, S4 (B), N68, S6 (B)
N51, S16 (B), N66, S17 (B)
N51, S9, N53, S11 (B)
