--- About the graph ---
Total of vertices (all kinds): 270
Hypothetic vertices: 51 / 270 (18.888889%)
Subnet vertices: 128 / 270 (47.407407%)
Known subnet vertices: 77 / 128 (60.156250%)

--- Subnet mappings ---
S1 = 64.94.189.128/25
S2 = 216.52.95.0/26
S3 = 64.74.245.12/30
S4 = 74.201.131.192/31
S5 = 74.201.138.16/30
S6 = 74.201.150.224/29
S7 = 162.248.95.240/28
S8 = 74.201.136.16/30
S9 = 64.74.240.192/29
S10 = 74.201.136.8/30
S11 = 74.201.164.148/30
S12 = 74.201.136.64/30
S13 = 64.94.185.0/25
S14 = 74.201.136.92/30
S15 = 74.201.136.200/30
S16 = 74.201.254.252/30
S17 = 74.217.54.96/29
S18 = 64.74.240.224/30
S19 = 64.74.243.196/31
S20 = 64.74.245.244/30
S21 = 64.94.177.0/30
S22 = 64.94.177.16/30
S23 = 64.95.46.176/30
S24 = 64.95.46.180/30
S25 = 70.42.41.248/29
S26 = 74.201.138.72/29
S27 = 74.201.139.204/30
S28 = 74.201.164.8/30
S29 = 74.201.179.40/30
S30 = 74.201.195.88/30
S31 = 74.201.198.16/30
S32 = 74.201.254.48/30
S33 = 74.217.50.16/29
S34 = 74.217.55.160/30
S35 = 74.201.137.64/30
S36 = 64.74.240.208/29
S37 = 64.94.190.232/30
S38 = 74.201.138.32/30
S39 = 216.52.93.92/30
S40 = 74.201.138.0/30
S41 = 75.98.62.224/30
S42 = 74.201.138.80/30
S43 = 64.74.242.92/30
S44 = 64.74.242.108/30
S45 = 70.42.41.24/30
S46 = 70.42.45.120/30
S47 = 74.201.254.108/30
S48 = 74.217.49.132/30
S49 = 74.217.49.168/30
S50 = 74.217.49.176/30
S51 = 74.217.50.24/30
S52 = 74.201.152.96/30
S53 = 74.201.254.84/30
S54 = 74.201.254.80/30
S55 = 74.217.51.24/30
S56 = 75.98.40.40/29
S57 = 74.201.129.180/30
S58 = 74.201.129.248/30
S59 = 64.74.254.68/30
S60 = 64.94.177.196/30
S61 = 70.42.39.144/29
S62 = 74.201.138.20/30
S63 = 104.153.107.128/25
S64 = 74.201.136.20/30
S65 = 74.201.136.12/30
S66 = 70.42.47.32/30
S67 = 63.251.17.48/30
S68 = 64.74.240.232/30
S69 = 64.94.177.8/30
S70 = 74.201.164.152/30
S71 = 74.217.51.8/29
S72 = 74.201.138.36/30
S73 = 74.201.138.84/30
S74 = 75.98.62.228/30
S75 = 74.201.138.4/30
S76 = 74.201.136.72/30
S77 = 74.201.254.96/29

--- Top (neighborhood) degrees ---
Degree 1: 68 neighborhoods
Degree 2: 62 neighborhoods
Degree 3: 19 neighborhoods
Degree 4: 20 neighborhoods
Degree 5: N132, N156, N158, N192
Degree 6: N105, N125, N152, N165, N188
Degree 7: N200
Degree 8: N131, N16, N163, N207, N88
Degree 9: N169, N189, N218
Degree 10: N198, N209
Degree 16: N214, N94
Degree 19: N118
Degree 20: N117
Degree 21: N212
Degree 23: N129, N194
Degree 27: N130, N181
Degree 29: N210
Degree 31: N208, N213
Degree 32: N183
Degree 36: N155
Degree 38: N178, N92
Degree 41: N100
Degree 44: N190
Degree 46: N172
Degree 55: N138
Degree 62: N144
Degree 72: N133
Degree 73: N93
Degree 74: N110
Degree 78: N20
Degree 126: N135
Degree 134: N134
Degree 258: N99
Degree 272: N180

--- Bottom (subnet) degrees ---
Degree 1: 1968 subnets
Degree 2: 69 subnets
Degree 3: 64.94.185.0/25, 64.95.46.180/30 (sound), 64.74.240.208/29, 74.201.131.192/31, 104.153.107.128/25, 162.248.95.240/28 (sound), 74.201.254.96/29
Degree 6: 216.52.95.0/26 (sound)

--- Base cycles ---
N100, T9, N101, T22, N181, S13
N138, S2, N190, S77, N194, T25, N149, T16, N144, S40
N190, S75, N194, S77
N92, S2, N138, S36
N93, S10, N110, S24, N183, S65, N178, S63
N93, S2, N178, S65, N183, S24, N110, S10
N93, S4 (B), N178, S65, N183, S24, N110, S10
N93, S7, N180, S63
N93, S8, N100, T9, N101, T22, N181, S64, N178, S65, N183, S24, N110, S10
