--- About the graph ---
Total of vertices (all kinds): 283
Hypothetic vertices: 47 / 283 (16.607774%)
Subnet vertices: 133 / 283 (46.996466%)
Known subnet vertices: 86 / 133 (64.661654%)

--- Subnet mappings ---
S1 = 64.94.189.192/26
S2 = 64.74.252.192/26
S3 = 216.52.95.0/26
S4 = 64.74.240.208/28
S5 = 64.94.190.232/30
S6 = 74.217.160.0/26
S7 = 216.52.93.92/30
S8 = 74.201.138.0/30
S9 = 64.74.242.92/30
S10 = 75.98.62.224/30
S11 = 74.201.252.0/30
S12 = 74.201.138.80/30
S13 = 64.74.242.108/30
S14 = 70.42.41.24/30
S15 = 70.42.45.120/30
S16 = 74.201.153.128/29
S17 = 74.201.248.64/27
S18 = 74.201.254.48/29
S19 = 74.201.254.108/30
S20 = 74.217.49.168/30
S21 = 74.217.49.176/30
S22 = 74.217.49.224/29
S23 = 74.217.50.24/30
S24 = 74.201.152.96/30
S25 = 74.201.254.84/30
S26 = 74.201.254.80/30
S27 = 74.217.51.24/30
S28 = 75.98.40.40/29
S29 = 64.74.254.16/30
S30 = 64.74.254.32/30
S31 = 64.74.254.36/30
S32 = 64.74.254.64/29
S33 = 74.201.129.180/30
S34 = 74.201.129.248/30
S35 = 74.201.164.140/30
S36 = 74.201.253.52/30
S37 = 70.42.39.144/29
S38 = 63.251.20.248/29
S39 = 64.74.245.12/30
S40 = 74.201.131.192/31
S41 = 74.201.138.16/30
S42 = 74.201.150.224/29
S43 = 75.98.56.0/26
S44 = 104.153.107.128/25
S45 = 74.201.136.8/30
S46 = 64.74.240.192/30
S47 = 74.201.136.16/30
S48 = 74.201.136.64/30
S49 = 64.74.240.224/30
S50 = 64.74.245.240/29
S51 = 64.94.177.0/30
S52 = 64.94.177.16/30
S53 = 64.95.46.176/30
S54 = 64.95.46.180/30
S55 = 70.42.41.248/29
S56 = 74.201.139.204/30
S57 = 74.201.179.40/30
S58 = 74.201.195.88/30
S59 = 74.217.50.16/29
S60 = 64.94.185.0/25
S61 = 74.201.136.92/30
S62 = 74.201.136.200/30
S63 = 74.201.254.252/30
S64 = 74.217.54.96/29
S65 = 64.74.245.60/30
S66 = 64.74.244.36/30
S67 = 74.201.137.64/30
S68 = 70.42.74.248/29
S69 = 74.201.138.20/30
S70 = 162.248.95.240/28
S71 = 74.201.136.12/30
S72 = 74.201.136.20/30
S73 = 63.251.17.48/30
S74 = 64.74.240.232/30
S75 = 64.94.177.8/30
S76 = 74.201.132.196/30
S77 = 74.217.51.8/29
S78 = 70.42.47.32/30
S79 = 74.201.138.84/30
S80 = 75.98.62.228/30
S81 = 74.201.138.4/30
S82 = 64.74.245.20/30
S83 = 75.98.32.8/31
S84 = 75.98.32.10/31
S85 = 75.98.33.0/26
S86 = 75.98.33.174/31

--- Top (neighborhood) degrees ---
Degree 1: 103 neighborhoods
Degree 2: 69 neighborhoods
Degree 3: 25 neighborhoods
Degree 4: 24 neighborhoods
Degree 5: N183, N217
Degree 6: N114, N149, N157, N163, N169, N256, N264
Degree 7: N108, N242, N269
Degree 8: N131, N179, N259
Degree 10: N147, N172, N219
Degree 11: N265
Degree 13: N181, N267
Degree 14: N257
Degree 17: N243, N261
Degree 21: N258
Degree 22: N206, N262, N263
Degree 24: N207, N250
Degree 25: N236
Degree 33: N139
Degree 40: N162
Degree 47: N186
Degree 48: N232
Degree 50: N247
Degree 52: N215
Degree 57: N200
Degree 61: N140
Degree 65: N146
Degree 66: N192
Degree 76: N227
Degree 124: N24
Degree 127: N229
Degree 134: N228
Degree 223: N199
Degree 229: N193, N233
Degree 230: N235

--- Bottom (subnet) degrees ---
Degree 1: 2394 subnets
Degree 2: 74 subnets
Degree 3: 11 subnets
Degree 6: 216.52.95.0/26 (sound)

--- Base cycles ---
N139, S3, N140, S4
N139, S3, N140, S6
N140, S3, N247, S81, N250, S17, N146, S8
N192, S3, N232, S72, N243, S60, N215, S47
N192, S38, N232, S72, N243, S60, N215, S47
N192, S40 (B), N232, S72, N243, S60, N215, S47
N192, S44, N232, S72, N243, S60, N215, S47
N192, S45, N200, S54, N236, S71, N232, S72, N243, S60, N215, S47
N199, S44, N232, S70
N256, S83 (B), N259, S85
N257, S83 (B), N259, S85
