--- About the graph ---
Total of vertices (all kinds): 281
Hypothetic vertices: 50 / 281 (17.793594%)
Subnet vertices: 134 / 281 (47.686833%)
Known subnet vertices: 84 / 134 (62.686567%)

--- Subnet mappings ---
S1 = 64.94.189.128/25
S2 = 216.52.95.0/26
S3 = 64.74.245.12/30
S4 = 74.201.131.192/31
S5 = 74.201.138.16/30
S6 = 74.201.150.224/30
S7 = 162.248.95.240/28
S8 = 74.201.136.16/30
S9 = 64.74.240.192/29
S10 = 74.201.136.8/30
S11 = 74.201.164.148/30
S12 = 74.201.136.64/30
S13 = 64.94.185.0/25
S14 = 74.201.136.92/30
S15 = 74.201.136.200/30
S16 = 74.201.254.252/30
S17 = 74.217.54.96/29
S18 = 64.74.240.224/30
S19 = 64.74.243.196/30
S20 = 64.74.245.244/30
S21 = 64.94.177.0/30
S22 = 64.94.177.16/30
S23 = 64.95.46.176/30
S24 = 64.95.46.180/30
S25 = 70.42.41.248/29
S26 = 70.42.45.20/30
S27 = 74.201.138.72/29
S28 = 74.201.139.204/30
S29 = 74.201.164.8/30
S30 = 74.201.179.40/30
S31 = 74.201.195.88/30
S32 = 74.201.198.16/30
S33 = 74.201.254.48/30
S34 = 74.217.50.16/29
S35 = 74.217.55.160/30
S36 = 74.201.137.64/30
S37 = 74.201.138.20/30
S38 = 104.153.107.128/25
S39 = 74.201.136.20/30
S40 = 74.201.136.12/30
S41 = 70.42.47.32/30
S42 = 63.251.17.48/30
S43 = 64.74.240.232/30
S44 = 64.94.177.8/30
S45 = 74.201.164.152/30
S46 = 74.217.51.8/29
S47 = 64.74.240.208/29
S48 = 64.94.190.232/30
S49 = 74.201.254.64/28
S50 = 74.201.254.240/30
S51 = 216.52.93.92/30
S52 = 74.201.138.0/30
S53 = 75.98.62.224/30
S54 = 74.201.138.80/30
S55 = 74.201.254.224/30
S56 = 64.94.177.68/30
S57 = 64.74.242.92/30
S58 = 64.74.242.108/30
S59 = 70.42.41.24/30
S60 = 70.42.45.120/30
S61 = 74.201.254.108/30
S62 = 74.217.49.132/30
S63 = 74.217.49.168/30
S64 = 74.217.49.176/30
S65 = 74.217.50.24/30
S66 = 74.201.152.96/30
S67 = 74.201.254.84/30
S68 = 74.201.254.80/30
S69 = 74.217.51.24/30
S70 = 75.98.40.40/29
S71 = 74.201.129.180/30
S72 = 74.201.129.248/30
S73 = 64.74.252.192/26
S74 = 64.74.254.68/30
S75 = 64.94.177.196/30
S76 = 70.42.39.144/29
S77 = 216.52.93.228/30
S78 = 74.201.138.84/30
S79 = 74.217.49.236/30
S80 = 75.98.62.228/30
S81 = 216.52.90.0/23
S82 = 74.201.138.4/30
S83 = 74.201.136.72/30
S84 = 74.201.254.96/29

--- Top (neighborhood) degrees ---
Degree 1: 123 neighborhoods
Degree 2: 69 neighborhoods
Degree 3: 15 neighborhoods
Degree 4: 21 neighborhoods
Degree 5: N180, N219, N222, N229
Degree 6: N154, N175, N198, N215, N281
Degree 8: N15, N179
Degree 9: N199, N227, N237
Degree 12: N266, N280
Degree 14: N277
Degree 16: N264, N271
Degree 17: N143
Degree 21: N123, N269
Degree 22: N135
Degree 23: N122, N166, N252
Degree 25: N136, N191
Degree 26: N167
Degree 27: N256
Degree 31: N270
Degree 32: N193, N240
Degree 35: N187
Degree 36: N259
Degree 37: N140, N218
Degree 39: N260
Degree 42: N149, N261
Degree 48: N247
Degree 52: N267
Degree 53: N265
Degree 55: N207
Degree 57: N200
Degree 61: N181
Degree 67: N142
Degree 76: N159
Degree 78: N19
Degree 102: N183
Degree 114: N182
Degree 208: N148, N190

--- Bottom (subnet) degrees ---
Degree 1: 2066 subnets
Degree 2: 74 subnets
Degree 3: 74.201.136.64/30 (sound), 64.94.185.0/25, 64.95.46.180/30 (sound), 104.153.107.128/25, 64.74.240.208/29, 74.201.254.64/28 (sound), 162.248.95.240/28 (sound), 216.52.90.0/23, 74.201.254.96/29
Degree 7: 216.52.95.0/26 (sound)

--- Base cycles ---
N140, S2, N247, S81
N140, S47, N200, S52, N207, T16, N212, T24, N252, S84, N247, S81
N142, S10, N159, S24, N193, S40, N187, S38
N142, S2, N187, S40, N193, S24, N159, S10
N142, S7, N190, S38
N142, S8, N149, T7, N150, T14, N191, S39, N187, S40, N193, S24, N159, S10
N149, T7, N150, T14, N191, S13
N149, T7, N150, T14, N191, S39, N187, S2, N200, S49
N200, S2, N247, S84, N252, T24, N212, T16, N207, S52
N247, S82, N252, S84
