--- About the graph ---
Total of vertices (all kinds): 268
Hypothetic vertices: 57 / 268 (21.268657%)
Subnet vertices: 124 / 268 (46.268657%)
Known subnet vertices: 67 / 124 (54.032258%)

--- Subnet mappings ---
S1 = 5.178.67.24/30
S2 = 46.243.152.0/23
S3 = 46.243.155.128/26
S4 = 93.158.217.96/27
S5 = 185.8.179.0/26
S6 = 188.120.35.128/26
S7 = 185.8.177.32/31
S8 = 5.45.66.0/28
S9 = 5.45.70.0/29
S10 = 5.45.70.8/30
S11 = 37.1.200.0/27
S12 = 37.1.201.8/29
S13 = 5.255.95.96/27
S14 = 46.249.63.240/29
S15 = 178.21.17.160/28
S16 = 185.8.176.16/28
S17 = 185.53.160.128/28
S18 = 185.53.162.228/32
S19 = 185.116.166.0/27
S20 = 185.53.163.42/31
S21 = 185.53.163.134/31
S22 = 185.14.16.0/20
S23 = 217.12.192.0/20
S24 = 37.49.228.0/23
S25 = 46.249.63.252/30
S26 = 103.196.240.0/28
S27 = 185.53.163.41/32
S28 = 46.249.38.14/32
S29 = 5.255.64.208/28
S30 = 5.255.66.224/28
S31 = 5.255.82.20/30
S32 = 46.249.35.16/28
S33 = 46.249.36.36/30
S34 = 46.249.36.40/30
S35 = 46.249.43.128/29
S36 = 46.249.47.20/32
S37 = 91.195.81.106/31
S38 = 93.158.217.144/30
S39 = 93.158.222.68/30
S40 = 185.12.13.64/27
S41 = 5.255.66.208/29
S42 = 178.21.17.136/30
S43 = 5.178.67.0/29
S44 = 5.255.80.0/28
S45 = 31.186.174.32/30
S46 = 31.186.174.44/30
S47 = 31.186.174.80/28
S48 = 46.249.36.48/28
S49 = 93.158.201.176/29
S50 = 146.185.253.0/28
S51 = 178.21.16.72/31
S52 = 91.198.106.18/31
S53 = 91.198.106.36/30
S54 = 91.198.106.64/27
S55 = 91.198.106.128/28
S56 = 91.198.106.144/28
S57 = 91.198.106.176/28
S58 = 91.198.106.232/31
S59 = 193.23.143.70/31
S60 = 193.23.143.90/31
S61 = 193.23.143.200/30
S62 = 193.23.143.244/31
S63 = 194.247.30.104/29
S64 = 194.247.30.160/30
S65 = 194.247.31.8/31
S66 = 194.247.31.20/30
S67 = 194.247.31.80/30

--- Top (neighborhood) degrees ---
Degree 1: 20 neighborhoods
Degree 2: 31 neighborhoods
Degree 3: 14 neighborhoods
Degree 4: 17 neighborhoods
Degree 5: N105, N122, N137, N160, N17, N30, N6, N99
Degree 6: N131, N136, N138, N43, N58
Degree 7: N102, N132, N140, N23, N86
Degree 8: N128, N89
Degree 9: N127, N129, N151, N156, N24, N59, N80, N82
Degree 10: N150, N70
Degree 11: N110, N114, N130
Degree 12: N113, N166, N42, N73
Degree 13: N161
Degree 14: N101, N146, N163
Degree 15: N158, N165
Degree 16: N159, N162, N167
Degree 17: N157, N40
Degree 18: N54
Degree 20: N117, N39
Degree 22: N147, N52
Degree 28: N56, N64
Degree 30: N41, N51
Degree 31: N148
Degree 33: N68
Degree 34: N169, N46
Degree 37: N47
Degree 40: N60
Degree 41: N57, N63
Degree 45: N67
Degree 50: N45
Degree 53: N69
Degree 56: N53, N61
Degree 57: N48
Degree 59: N66
Degree 72: N65
Degree 73: N38
Degree 74: N26
Degree 79: N145
Degree 87: N49
Degree 90: N55
Degree 94: N62
Degree 99: N50
Degree 199: N1
Degree 260: N71
Degree 272: N92
Degree 294: N7
Degree 346: N44
Degree 578: N123
Degree 582: N104

--- Bottom (subnet) degrees ---
Degree 1: 4429 subnets
Degree 2: 27 subnets
Degree 3: 29 subnets
Degree 4: 46.249.36.40/30 (sound), 146.185.253.0/28 (sound), 91.198.106.128/28 (sound), 91.198.106.144/28, 193.23.143.70/31, 194.247.30.160/30 (sound)
Degree 5: 37.1.200.0/27, 5.255.80.0/28 (sound), 91.198.106.64/27 (sound)
Degree 7: 185.8.179.0/26, 91.198.106.176/28 (sound)

--- Base cycles ---
N104, S33, N117, S37 (B)
N114, S34, N123, S48
N123, S45, N131, S47
N145, S52 (B), N169, S53
N145, S52 (B), N169, S54
N145, S52 (B), N169, S55
N145, S52 (B), N169, S56
N145, S52 (B), N169, S57
N145, S52 (B), N169, S58 (B)
N145, S52 (B), N169, S59 (B)
N145, S52 (B), N169, S60 (B)
N145, S52 (B), N169, S61
N145, S52 (B), N169, S62 (B)
N145, S52 (B), N169, S63
N145, S52 (B), N169, S64
N145, S52 (B), N169, S66
N145, S65 (B), N167, S66
N148, S54, N169, S55
N157, S57, N169, S64
N159, S58 (B), N169, S59 (B)
N44, S8, N47, S10
