--- About the graph ---
Total of vertices (all kinds): 268
Hypothetic vertices: 57 / 268 (21.268657%)
Subnet vertices: 124 / 268 (46.268657%)
Known subnet vertices: 67 / 124 (54.032258%)

--- Subnet mappings ---
S1 = 103.196.240.0/28
S2 = 146.185.253.0/28
S3 = 178.21.16.72/31
S4 = 178.21.17.136/30
S5 = 178.21.17.160/28
S6 = 185.116.166.0/27
S7 = 185.12.13.64/27
S8 = 185.14.16.0/20
S9 = 185.53.160.128/28
S10 = 185.53.162.228/32
S11 = 185.53.163.134/31
S12 = 185.53.163.41/32
S13 = 185.53.163.42/31
S14 = 185.8.176.16/28
S15 = 185.8.177.32/31
S16 = 185.8.179.0/26
S17 = 188.120.35.128/26
S18 = 193.23.143.200/30
S19 = 193.23.143.244/31
S20 = 193.23.143.70/31
S21 = 193.23.143.90/31
S22 = 194.247.30.104/29
S23 = 194.247.30.160/30
S24 = 194.247.31.20/30
S25 = 194.247.31.8/31
S26 = 194.247.31.80/30
S27 = 217.12.192.0/20
S28 = 31.186.174.32/30
S29 = 31.186.174.44/30
S30 = 31.186.174.80/28
S31 = 37.1.200.0/27
S32 = 37.1.201.8/29
S33 = 37.49.228.0/23
S34 = 46.243.152.0/23
S35 = 46.243.155.128/26
S36 = 46.249.35.16/28
S37 = 46.249.36.36/30
S38 = 46.249.36.40/30
S39 = 46.249.36.48/28
S40 = 46.249.38.14/32
S41 = 46.249.43.128/29
S42 = 46.249.47.20/32
S43 = 46.249.63.240/29
S44 = 46.249.63.252/30
S45 = 5.178.67.0/29
S46 = 5.178.67.24/30
S47 = 5.255.64.208/28
S48 = 5.255.66.208/29
S49 = 5.255.66.224/28
S50 = 5.255.80.0/28
S51 = 5.255.82.20/30
S52 = 5.255.95.96/27
S53 = 5.45.66.0/28
S54 = 5.45.70.0/29
S55 = 5.45.70.8/30
S56 = 91.195.81.106/31
S57 = 91.198.106.128/28
S58 = 91.198.106.144/28
S59 = 91.198.106.176/28
S60 = 91.198.106.18/31
S61 = 91.198.106.232/31
S62 = 91.198.106.36/30
S63 = 91.198.106.64/27
S64 = 93.158.201.176/29
S65 = 93.158.217.144/30
S66 = 93.158.217.96/27
S67 = 93.158.222.68/30

--- Degree analysis ---
New figure saved in AS50673_08-01-2020_bip_degree_CDFs.pdf
New figure saved in AS50673_08-01-2020_bip_top_local_density.pdf
Maximum top (neighborhood) degree: 582
Maximum bottom (subnet) degree: 582

--- Base cycles ---
New figure saved in AS50673_08-01-2020_bip_cycles.pdf
N145, S52, N169, S66
N145, S53, N169, S66
N145, S54, N169, S66
N145, S55, N169, S66
N145, S56, N169, S66
N145, S57, N169, S66
N145, S58, N169, S66
N145, S59, N169, S66
N145, S60, N169, S66
N145, S61, N169, S66
N145, S62, N169, S66
N145, S63, N169, S66
N145, S64, N169, S66
