--- About the graph ---
Total of vertices (all kinds): 277
Hypothetic vertices: 46 / 277 (16.606498%)
Subnet vertices: 132 / 277 (47.653430%)
Known subnet vertices: 86 / 132 (65.151515%)

--- Subnet mappings ---
S1 = 64.94.189.192/26
S2 = 216.52.95.0/26
S3 = 64.74.240.208/28
S4 = 64.94.190.232/30
S5 = 74.217.160.0/26
S6 = 216.52.93.92/30
S7 = 74.201.138.0/30
S8 = 64.74.242.92/30
S9 = 75.98.62.224/30
S10 = 74.201.252.0/30
S11 = 74.201.138.80/30
S12 = 64.74.242.108/30
S13 = 70.42.41.24/30
S14 = 70.42.45.120/30
S15 = 74.201.153.128/29
S16 = 74.201.248.64/27
S17 = 74.201.254.48/29
S18 = 74.201.254.108/30
S19 = 74.217.49.168/30
S20 = 74.217.49.176/30
S21 = 74.217.49.224/29
S22 = 74.217.50.24/30
S23 = 74.201.152.96/30
S24 = 74.201.254.84/30
S25 = 74.201.254.80/30
S26 = 74.217.51.24/30
S27 = 75.98.40.40/29
S28 = 64.74.254.16/30
S29 = 64.74.254.32/30
S30 = 64.74.254.36/30
S31 = 64.74.254.64/29
S32 = 74.201.129.180/30
S33 = 74.201.129.248/30
S34 = 74.201.164.140/30
S35 = 74.201.252.196/30
S36 = 74.201.253.52/30
S37 = 70.42.39.144/29
S38 = 63.251.20.240/28
S39 = 64.74.245.12/30
S40 = 74.201.131.192/31
S41 = 74.201.138.16/30
S42 = 74.201.150.224/29
S43 = 75.98.56.0/26
S44 = 104.153.107.128/25
S45 = 74.201.136.8/30
S46 = 64.74.240.192/30
S47 = 74.201.136.16/30
S48 = 74.201.136.64/30
S49 = 64.74.240.224/30
S50 = 64.74.245.240/29
S51 = 64.94.177.0/30
S52 = 64.94.177.16/30
S53 = 64.95.46.176/30
S54 = 64.95.46.180/30
S55 = 70.42.41.248/29
S56 = 74.201.139.204/30
S57 = 74.201.179.40/30
S58 = 74.201.195.88/30
S59 = 74.217.50.16/29
S60 = 64.94.185.0/25
S61 = 74.201.136.92/30
S62 = 74.201.136.200/30
S63 = 74.201.254.252/30
S64 = 74.217.54.96/29
S65 = 64.74.245.60/30
S66 = 64.74.244.36/30
S67 = 74.201.137.64/30
S68 = 70.42.74.248/29
S69 = 74.201.138.20/30
S70 = 162.248.95.192/26
S71 = 74.201.136.12/30
S72 = 74.201.136.20/30
S73 = 63.251.17.48/30
S74 = 64.74.240.232/30
S75 = 64.94.177.8/30
S76 = 74.201.132.196/30
S77 = 74.217.51.8/29
S78 = 70.42.47.32/30
S79 = 74.201.138.84/30
S80 = 75.98.62.228/30
S81 = 74.201.138.4/30
S82 = 64.74.245.20/30
S83 = 75.98.32.8/31
S84 = 75.98.32.10/31
S85 = 75.98.33.0/26
S86 = 75.98.33.174/31

--- Top (neighborhood) degrees ---
Degree 1: 108 neighborhoods
Degree 2: 72 neighborhoods
Degree 3: 19 neighborhoods
Degree 4: 24 neighborhoods
Degree 5: N144, N223, N230
Degree 6: N11, N154, N162, N168, N174, N260
Degree 7: N248, N269
Degree 8: N135, N184, N263
Degree 9: N23
Degree 10: N152, N177, N225
Degree 13: N186, N212, N261
Degree 17: N249, N265
Degree 20: N262
Degree 21: N213
Degree 22: N266, N267
Degree 24: N254
Degree 26: N242
Degree 34: N143
Degree 39: N167
Degree 42: N191
Degree 44: N251
Degree 46: N238
Degree 49: N221
Degree 50: N206
Degree 59: N198
Degree 62: N145
Degree 69: N151
Degree 70: N232
Degree 120: N28
Degree 129: N234
Degree 136: N233
Degree 220: N239
Degree 229: N205
Degree 230: N199, N241

--- Bottom (subnet) degrees ---
Degree 1: 2319 subnets
Degree 2: 73 subnets
Degree 3: 12 subnets
Degree 6: 216.52.95.0/26 (sound)

--- Base cycles ---
N143, S2, N145, S3
N143, S2, N145, S5
N145, S2, N251, S81, N254, S16, N151, S7
N198, S2, N238, S40 (B)
N198, S2, N238, S44
N198, S2, N238, S70, N239, S38
N198, S2, N238, S71, N242, S54, N206, S45
N198, S2, N238, S72, N249, S60, N221, S47
N238, S68, N239, S70
N260, S83 (B), N261, S85
N260, S83 (B), N263, S85
