--- About the graph ---
Total of vertices (all kinds): 276
Hypothetic vertices: 48 / 276 (17.391304%)
Subnet vertices: 132 / 276 (47.826087%)
Known subnet vertices: 84 / 132 (63.636364%)

--- Subnet mappings ---
S1 = 64.94.189.128/25
S2 = 74.201.136.64/30
S3 = 74.201.137.64/30
S4 = 216.52.95.0/26
S5 = 64.74.245.12/30
S6 = 74.201.131.192/31
S7 = 74.201.138.16/30
S8 = 74.201.150.224/29
S9 = 162.248.95.240/28
S10 = 74.201.136.16/30
S11 = 64.74.240.192/29
S12 = 74.201.136.8/30
S13 = 74.201.164.148/30
S14 = 64.74.243.196/30
S15 = 64.94.185.0/25
S16 = 74.201.136.92/30
S17 = 74.201.136.200/30
S18 = 74.201.254.252/30
S19 = 74.217.54.96/29
S20 = 64.74.240.224/30
S21 = 64.74.245.244/30
S22 = 64.94.177.0/30
S23 = 64.94.177.16/30
S24 = 64.95.46.176/30
S25 = 64.95.46.180/30
S26 = 70.42.41.248/29
S27 = 70.42.45.20/30
S28 = 74.201.138.72/29
S29 = 74.201.139.204/30
S30 = 74.201.164.8/30
S31 = 74.201.179.40/30
S32 = 74.201.195.88/30
S33 = 74.201.198.16/30
S34 = 74.201.254.48/30
S35 = 74.217.50.16/29
S36 = 74.217.55.160/30
S37 = 74.201.138.20/30
S38 = 104.153.107.0/24
S39 = 74.201.136.20/30
S40 = 74.201.136.12/30
S41 = 70.42.47.32/30
S42 = 63.251.17.48/30
S43 = 64.74.240.232/30
S44 = 64.94.177.8/30
S45 = 74.201.164.152/30
S46 = 74.217.51.8/29
S47 = 64.74.240.208/29
S48 = 64.94.190.232/30
S49 = 74.201.138.32/30
S50 = 74.201.254.64/28
S51 = 74.201.254.240/30
S52 = 216.52.93.92/30
S53 = 74.201.138.0/30
S54 = 75.98.62.224/30
S55 = 74.201.138.80/30
S56 = 74.201.254.224/30
S57 = 64.94.177.68/30
S58 = 64.74.242.92/30
S59 = 64.74.242.108/30
S60 = 70.42.41.24/30
S61 = 70.42.45.120/30
S62 = 74.201.254.108/30
S63 = 74.217.49.132/30
S64 = 74.217.49.168/30
S65 = 74.217.49.176/30
S66 = 74.217.50.24/30
S67 = 74.201.152.96/30
S68 = 74.201.254.84/30
S69 = 74.201.254.80/30
S70 = 74.217.51.24/30
S71 = 75.98.40.40/29
S72 = 74.201.129.180/30
S73 = 74.201.129.248/30
S74 = 64.74.252.192/26
S75 = 64.74.254.68/30
S76 = 70.42.39.144/29
S77 = 74.201.138.36/30
S78 = 74.201.138.84/30
S79 = 75.98.62.228/30
S80 = 216.52.90.0/23
S81 = 74.217.49.236/30
S82 = 74.201.138.4/30
S83 = 74.201.136.72/30
S84 = 74.201.254.96/29

--- Top (neighborhood) degrees ---
Degree 1: 99 neighborhoods
Degree 2: 64 neighborhoods
Degree 3: 20 neighborhoods
Degree 4: 17 neighborhoods
Degree 5: N194
Degree 6: N135, N155, N172, N190, N195, N196, N203, N221, N249
Degree 7: N159, N201
Degree 8: N13, N160, N248
Degree 9: N173, N211
Degree 11: N234
Degree 13: N232, N245
Degree 16: N239
Degree 18: N214
Degree 20: N123
Degree 21: N147, N237
Degree 23: N106
Degree 24: N146, N226
Degree 25: N107
Degree 26: N165
Degree 31: N238
Degree 34: N167
Degree 36: N193
Degree 39: N161, N219, N235
Degree 40: N120
Degree 43: N233
Degree 44: N129
Degree 53: N174
Degree 59: N182
Degree 68: N122
Degree 71: N111
Degree 73: N140
Degree 79: N18
Degree 130: N114
Degree 136: N113
Degree 179: N128
Degree 192: N164

--- Bottom (subnet) degrees ---
Degree 1: 1833 subnets
Degree 2: 74 subnets
Degree 3: 64.94.185.0/25, 74.201.136.64/30 (sound), 64.95.46.180/30 (sound), 64.74.240.208/29, 74.201.254.64/28 (sound), 74.201.131.192/31, 216.52.90.0/23, 74.201.254.96/29, 162.248.95.240/28
Degree 6: 216.52.95.0/26 (sound)

--- Base cycles ---
N110, S2, N122, S10, N129, S50, N174, S53, N182, T17, N187, T25, N226, S84, N219, S80, N120, T8, N118, T2
N110, S2, N122, S4, N120, T8, N118, T2
N110, S2, N122, T10, N123, T14, N161, S39, N165, T15, N130, T11, N129, S50, N174, S53, N182, T17, N187, T25, N226, S84, N219, S80, N120, T8, N118, T2
N120, S4, N219, S80
N120, S47, N174, S53, N182, T17, N187, T25, N226, S84, N219, S80
N122, S4, N161, T14, N123, T10
N122, S6 (B), N161, T14, N123, T10
N122, S9, N123, T10
N122, T10, N123, T14, N161, S40, N167, S25, N140, S12
N129, T11, N130, T15, N165, S15
N174, S4, N219, S84, N226, T25, N187, T17, N182, S53
N219, S82, N226, S84
