--- About the graph ---
Total of vertices (all kinds): 239
Hypothetic vertices: 45 / 239 (18.828452%)
Subnet vertices: 109 / 239 (45.606695%)
Known subnet vertices: 64 / 109 (58.715596%)

--- Subnet mappings ---
S1 = 103.196.240.0/28
S2 = 146.185.253.0/28
S3 = 178.21.16.74/31
S4 = 178.21.17.160/28
S5 = 185.116.166.0/27
S6 = 185.12.13.64/27
S7 = 185.53.160.128/28
S8 = 185.53.161.186/31
S9 = 185.53.162.224/27
S10 = 185.53.163.40/31
S11 = 185.8.176.16/28
S12 = 185.8.177.32/31
S13 = 185.8.179.32/28
S14 = 188.120.33.0/25
S15 = 188.120.35.140/30
S16 = 193.23.143.200/29
S17 = 193.23.143.224/27
S18 = 193.23.143.70/31
S19 = 193.23.143.80/28
S20 = 194.247.30.108/30
S21 = 194.247.30.160/30
S22 = 194.247.31.16/29
S23 = 194.247.31.8/30
S24 = 194.247.31.80/29
S25 = 31.186.174.32/29
S26 = 31.186.174.44/30
S27 = 31.186.174.80/28
S28 = 37.1.200.0/27
S29 = 37.1.201.8/30
S30 = 37.49.228.0/24
S31 = 46.243.152.0/23
S32 = 46.243.155.160/28
S33 = 46.249.35.0/27
S34 = 46.249.36.36/30
S35 = 46.249.36.40/31
S36 = 46.249.36.42/31
S37 = 46.249.36.48/30
S38 = 46.249.38.0/26
S39 = 46.249.38.160/27
S40 = 46.249.47.16/29
S41 = 46.249.55.192/31
S42 = 46.249.63.192/26
S43 = 5.178.67.0/29
S44 = 5.178.67.24/31
S45 = 5.255.64.192/27
S46 = 5.255.66.224/28
S47 = 5.255.80.0/28
S48 = 5.255.82.0/26
S49 = 5.255.95.96/27
S50 = 5.45.66.0/29
S51 = 5.45.70.0/29
S52 = 5.45.70.8/31
S53 = 91.195.81.96/28
S54 = 91.198.106.128/28
S55 = 91.198.106.144/28
S56 = 91.198.106.16/30
S57 = 91.198.106.160/27
S58 = 91.198.106.232/30
S59 = 91.198.106.36/30
S60 = 91.198.106.64/26
S61 = 91.221.69.128/26
S62 = 93.158.201.176/29
S63 = 93.158.217.144/30
S64 = 93.158.222.68/30

--- Degree analysis ---
New figure saved in AS50673_11-03-2020_bip_degree_CDFs.pdf
New figure saved in AS50673_11-03-2020_bip_top_local_density.pdf
Maximum top (neighborhood) degree: 683
Maximum bottom (subnet) degree: 683

--- Base cycles ---
New figure saved in AS50673_11-03-2020_bip_cycles.pdf
N18, T5, N85, T29, N88, T33, N96, T6
N85, T27, N86, T31, N96, T33, N88, T29
N85, T28, N87, T32, N96, T33, N88, T29
N85, T29, N88, T33, N96, S30
N85, T29, N88, T33, N96, S31
N85, T29, N88, T33, N96, S32
N85, T29, N88, T33, N96, S34
N85, T29, N88, T33, N96, S35
