--- About the graph ---
Total of vertices (all kinds): 285
Hypothetic vertices: 43 / 285 (15.087719%)
Subnet vertices: 136 / 285 (47.719298%)
Known subnet vertices: 93 / 136 (68.382353%)

--- Subnet mappings ---
S1 = 64.94.189.192/26
S2 = 74.201.136.64/30
S3 = 74.201.137.64/30
S4 = 75.98.32.8/31
S5 = 75.98.32.10/31
S6 = 75.98.33.0/26
S7 = 75.98.33.174/31
S8 = 216.52.95.0/26
S9 = 64.74.240.208/28
S10 = 64.94.190.232/30
S11 = 74.201.208.56/30
S12 = 74.201.254.240/30
S13 = 74.217.160.0/26
S14 = 216.52.93.92/30
S15 = 74.201.138.0/30
S16 = 64.74.242.92/30
S17 = 75.98.62.224/30
S18 = 74.201.252.0/30
S19 = 64.94.177.68/30
S20 = 74.201.138.80/30
S21 = 64.74.242.108/30
S22 = 70.42.41.24/30
S23 = 70.42.45.120/30
S24 = 74.201.153.128/29
S25 = 74.201.248.64/27
S26 = 74.201.254.48/29
S27 = 74.201.254.108/30
S28 = 74.217.49.168/30
S29 = 74.217.49.176/30
S30 = 74.217.49.224/29
S31 = 74.217.50.24/30
S32 = 74.201.152.96/30
S33 = 74.201.254.84/30
S34 = 74.201.254.80/30
S35 = 74.217.51.24/30
S36 = 75.98.40.40/29
S37 = 64.74.254.16/30
S38 = 64.74.254.32/30
S39 = 64.74.254.36/30
S40 = 64.74.254.64/29
S41 = 64.74.252.0/24
S42 = 74.201.129.180/30
S43 = 74.201.129.248/30
S44 = 63.251.20.240/28
S45 = 64.74.245.12/30
S46 = 74.201.131.192/31
S47 = 74.201.138.16/30
S48 = 74.201.150.224/29
S49 = 75.98.56.0/26
S50 = 104.153.107.128/25
S51 = 74.201.136.8/30
S52 = 64.74.240.192/30
S53 = 74.201.136.16/30
S54 = 64.94.172.120/30
S55 = 64.74.240.224/30
S56 = 64.74.245.240/29
S57 = 64.94.177.0/30
S58 = 64.94.177.16/30
S59 = 64.95.46.176/30
S60 = 64.95.46.180/30
S61 = 70.42.41.248/29
S62 = 70.42.45.20/30
S63 = 74.201.139.204/30
S64 = 74.201.179.40/30
S65 = 74.201.195.88/30
S66 = 74.217.50.16/29
S67 = 64.94.185.0/25
S68 = 74.201.136.92/30
S69 = 74.201.136.200/30
S70 = 74.201.254.252/30
S71 = 74.217.54.96/29
S72 = 64.74.245.60/30
S73 = 64.74.244.36/30
S74 = 70.42.74.248/29
S75 = 74.201.138.20/30
S76 = 162.248.95.240/28
S77 = 74.201.136.12/30
S78 = 74.201.136.20/30
S79 = 64.74.240.240/30
S80 = 63.251.17.48/30
S81 = 64.74.240.232/30
S82 = 64.94.177.8/30
S83 = 74.201.132.196/30
S84 = 74.217.51.8/29
S85 = 70.42.47.32/30
S86 = 74.201.164.140/30
S87 = 74.201.252.196/30
S88 = 70.42.39.144/29
S89 = 74.201.138.84/30
S90 = 74.217.49.236/30
S91 = 75.98.62.228/30
S92 = 74.201.138.4/30
S93 = 64.74.245.20/30

--- Top (neighborhood) degrees ---
Degree 1: 95 neighborhoods
Degree 2: 74 neighborhoods
Degree 3: 28 neighborhoods
Degree 4: 18 neighborhoods
Degree 5: N195, N226
Degree 6: N108, N136, N159, N168, N174
Degree 7: N102, N145, N245
Degree 8: N139, N179, N189, N248, N6
Degree 9: N14
Degree 10: N157, N182, N228
Degree 13: N137, N191
Degree 17: N141, N246
Degree 18: N214
Degree 20: N138
Degree 22: N142, N143
Degree 23: N215
Degree 24: N261
Degree 25: N239
Degree 32: N147
Degree 38: N173
Degree 44: N257
Degree 48: N235, N250
Degree 52: N224
Degree 55: N208
Degree 62: N148
Degree 66: N156
Degree 67: N198
Degree 72: N130
Degree 123: N19
Degree 133: N132
Degree 134: N131
Degree 202: N201
Degree 206: N236
Degree 211: N238
Degree 236: N207

--- Bottom (subnet) degrees ---
Degree 1: 2295 subnets
Degree 2: 81 subnets
Degree 3: 11 subnets
Degree 6: 216.52.95.0/26 (sound)

--- Base cycles ---
N136, S4 (B), N139, S6
N137, S4 (B), N139, S6
N147, S8, N148, S9
N147, S9, N148, S13
N148, S8, N257, S92, N261, S25, N156, S15
N198, S8, N235, S46 (B)
N198, S8, N235, S76, N238, S44
N198, S8, N235, S77, N239, S60, N208, S51
N198, S8, N235, S78, N246, S67, N224, S53
N235, S74, N238, S76
