--- About the graph ---
Total of vertices (all kinds): 338
Hypothetic vertices: 79 / 338 (23.372781%)
Subnet vertices: 159 / 338 (47.041420%)
Known subnet vertices: 80 / 159 (50.314465%)

--- Subnet mappings ---
S1 = 74.201.136.64/30
S2 = 75.98.32.8/31
S3 = 75.98.33.32/28
S4 = 75.98.32.11/32
S5 = 74.201.137.64/30
S6 = 216.52.95.0/25
S7 = 64.74.245.12/30
S8 = 74.201.131.192/31
S9 = 74.201.138.16/30
S10 = 74.201.150.224/29
S11 = 162.248.95.240/28
S12 = 74.201.136.16/30
S13 = 64.74.240.192/30
S14 = 74.201.136.10/31
S15 = 64.74.243.196/30
S16 = 74.201.136.94/31
S17 = 74.201.136.200/30
S18 = 74.201.254.252/30
S19 = 74.217.54.96/29
S20 = 64.74.245.240/29
S21 = 64.94.177.0/30
S22 = 64.94.177.18/31
S23 = 64.95.46.176/30
S24 = 64.95.46.180/30
S25 = 70.42.41.248/29
S26 = 70.42.45.20/30
S27 = 74.201.139.204/30
S28 = 74.201.164.8/30
S29 = 74.201.179.40/30
S30 = 74.201.195.88/30
S31 = 74.201.198.16/30
S32 = 74.201.254.48/28
S33 = 74.217.50.16/30
S34 = 74.217.55.162/31
S35 = 64.94.177.196/30
S36 = 74.201.138.20/30
S37 = 104.153.107.128/25
S38 = 74.201.136.20/30
S39 = 74.201.136.12/30
S40 = 70.42.47.32/30
S41 = 63.251.17.48/30
S42 = 64.74.240.232/30
S43 = 64.94.177.8/30
S44 = 74.201.152.116/30
S45 = 74.201.164.154/31
S46 = 74.217.51.8/29
S47 = 64.74.240.208/29
S48 = 64.94.190.232/30
S49 = 74.201.254.64/29
S50 = 74.201.254.240/30
S51 = 74.201.138.0/30
S52 = 75.98.62.224/30
S53 = 74.201.138.80/31
S54 = 64.94.177.68/30
S55 = 64.74.242.94/31
S56 = 70.42.41.24/30
S57 = 70.42.45.120/30
S58 = 74.201.254.108/30
S59 = 74.217.49.168/30
S60 = 74.217.49.176/30
S61 = 74.217.50.26/31
S62 = 74.201.152.98/31
S63 = 74.201.254.86/31
S64 = 74.201.254.82/31
S65 = 74.217.51.24/30
S66 = 75.98.40.40/29
S67 = 74.201.129.180/30
S68 = 74.201.129.248/30
S69 = 64.74.252.0/24
S70 = 64.74.254.68/30
S71 = 74.217.49.236/30
S72 = 75.98.62.230/31
S73 = 216.52.90.0/23
S74 = 74.201.138.4/30
S75 = 74.201.138.84/30
S76 = 74.201.136.72/30
S77 = 74.201.254.96/29
S78 = 70.42.41.50/31
S79 = 74.201.64.0/20
S80 = 64.94.189.128/25

--- Top (neighborhood) degrees ---
Degree 1: 92 neighborhoods
Degree 2: 80 neighborhoods
Degree 3: 24 neighborhoods
Degree 4: 13 neighborhoods
Degree 5: 11 neighborhoods
Degree 6: N14, N147, N181, N190, N206, N253
Degree 7: N227, N245
Degree 9: N188, N215
Degree 10: N103, N225, N235
Degree 11: N104, N252
Degree 12: N255
Degree 13: N254, N257, N271
Degree 15: N119, N251
Degree 18: N132
Degree 19: N159
Degree 20: N158, N247, N264, N268
Degree 21: N258
Degree 22: N118, N131, N241
Degree 24: N179
Degree 25: N129, N189, N259
Degree 26: N260
Degree 28: N237, N250
Degree 30: N170
Degree 31: N210
Degree 33: N120
Degree 39: N182
Degree 41: N139, N209
Degree 42: N174
Degree 46: N20
Degree 52: N199
Degree 57: N128
Degree 62: N122
Degree 69: N191
Degree 75: N150
Degree 82: N130
Degree 95: N124
Degree 112: N123
Degree 156: N138
Degree 167: N178

--- Bottom (subnet) degrees ---
Degree 1: 1907 subnets
Degree 2: 63 subnets
Degree 3: 16 subnets
Degree 8: 216.52.95.0/25 (sound)

--- Base cycles ---
N117, S2 (B), N118, S3
N117, S2 (B), N119, S3
N128, S47, N191, S49
N128, S6, N191, S49
N128, S6, N237, S73
N129, S6, N237, S71
N129, S6, N237, S72 (B)
N129, S6, N237, S75
N130, S11, N178, S37
N130, S6, N174, S37
N130, S6, N174, S39, N182, S44, N150, S14
N130, S6, N174, S39, N182, S44, N150, S32
N150, S24, N182, S44
N237, S74, N241, S77
