--- About the graph ---
Total of vertices (all kinds): 275
Hypothetic vertices: 51 / 275 (18.545455%)
Subnet vertices: 129 / 275 (46.909091%)
Known subnet vertices: 78 / 129 (60.465116%)

--- Subnet mappings ---
S1 = 216.52.95.0/26
S2 = 64.74.245.12/30
S3 = 74.201.131.192/31
S4 = 74.201.138.16/30
S5 = 74.201.150.224/30
S6 = 162.248.95.240/28
S7 = 74.201.136.16/30
S8 = 64.74.240.192/29
S9 = 74.201.136.8/30
S10 = 74.201.136.64/30
S11 = 64.74.243.196/30
S12 = 74.201.136.92/30
S13 = 74.201.136.200/30
S14 = 74.201.254.252/30
S15 = 74.217.54.96/29
S16 = 64.74.240.224/30
S17 = 64.74.245.244/30
S18 = 64.94.177.0/30
S19 = 64.94.177.16/30
S20 = 64.95.46.176/30
S21 = 64.95.46.180/30
S22 = 70.42.41.248/29
S23 = 74.201.139.204/30
S24 = 74.201.164.8/30
S25 = 74.201.179.40/30
S26 = 74.201.195.88/30
S27 = 74.201.198.16/30
S28 = 74.201.254.48/28
S29 = 74.217.50.16/29
S30 = 74.217.55.160/30
S31 = 74.201.137.64/30
S32 = 64.74.240.208/29
S33 = 64.94.190.232/30
S34 = 74.201.138.32/30
S35 = 74.201.138.48/30
S36 = 74.201.254.64/28
S37 = 74.201.254.240/30
S38 = 74.201.138.0/30
S39 = 75.98.62.224/30
S40 = 74.201.138.80/30
S41 = 64.94.177.68/30
S42 = 64.74.242.92/30
S43 = 70.42.41.24/30
S44 = 70.42.45.120/30
S45 = 74.201.254.108/30
S46 = 74.217.49.168/30
S47 = 74.217.49.176/30
S48 = 74.217.50.24/30
S49 = 74.201.152.96/30
S50 = 74.201.254.80/30
S51 = 74.217.51.24/30
S52 = 75.98.40.40/29
S53 = 74.201.129.180/30
S54 = 74.201.129.248/30
S55 = 64.74.252.192/26
S56 = 64.74.254.68/30
S57 = 64.94.177.196/30
S58 = 74.201.136.60/30
S59 = 74.201.138.20/30
S60 = 104.153.107.128/25
S61 = 74.201.136.20/30
S62 = 74.201.136.12/30
S63 = 70.42.47.32/30
S64 = 63.251.17.48/30
S65 = 64.74.240.232/30
S66 = 64.94.177.8/30
S67 = 74.201.164.152/30
S68 = 74.217.51.8/29
S69 = 74.201.138.36/30
S70 = 74.201.138.52/30
S71 = 74.217.49.236/30
S72 = 74.201.138.4/30
S73 = 74.201.138.84/30
S74 = 74.201.136.72/30
S75 = 74.201.254.96/29
S76 = 70.42.41.48/30
S77 = 64.94.189.128/25
S78 = 74.201.64.0/20

--- Top (neighborhood) degrees ---
Degree 1: 121 neighborhoods
Degree 2: 62 neighborhoods
Degree 3: 26 neighborhoods
Degree 4: 12 neighborhoods
Degree 5: N135, N160, N205, N213, N223, N252
Degree 6: N156, N201, N237
Degree 7: N175, N211, N221, N278
Degree 8: N14, N247
Degree 9: N136, N219, N238
Degree 11: N137
Degree 12: N114
Degree 13: N113, N263
Degree 14: N115, N168, N169, N186
Degree 16: N265, N270
Degree 17: N145
Degree 19: N272
Degree 20: N268
Degree 21: N179, N275
Degree 23: N243
Degree 24: N180, N230
Degree 30: N269
Degree 33: N232
Degree 36: N264
Degree 38: N204, N226
Degree 39: N141, N239
Degree 44: N266
Degree 45: N196
Degree 46: N151
Degree 47: N118, N119
Degree 51: N189
Degree 60: N181
Degree 67: N144
Degree 72: N161
Degree 75: N19
Degree 122: N183
Degree 129: N182
Degree 220: N150
Degree 231: N229

--- Bottom (subnet) degrees ---
Degree 1: 2032 subnets
Degree 2: 67 subnets
Degree 3: 64.95.46.180/30 (sound), 74.201.254.48/28, 74.201.131.192/31, 64.74.240.208/29, 74.201.254.64/28 (sound), 64.94.177.196/30 (sound), 162.248.95.240/28 (sound), 104.153.107.128/25, 74.201.254.96/29, 74.201.64.0/20
Degree 7: 216.52.95.0/26 (sound)

--- Base cycles ---
N141, S1, N189, S32
N144, S1, N226, S62, N232, S21, N161, S9
N144, S3 (B), N226, S62, N232, S21, N161, S9
N144, S6, N229, S60
N144, S7, N151, T5, N152, T17, N230, S61, N226, S62, N232, S21, N161, S9
N144, S9, N161, S21, N232, S62, N226, S60
N144, S9, N161, S28
N151, T5, N152, T17, N230, S61, N226, S1, N189, S36
N186, S1, N221, S57
N239, S72, N243, S75
