--- About the graph ---
Total of vertices (all kinds): 238
Hypothetic vertices: 44 / 238 (18.487395%)
Subnet vertices: 108 / 238 (45.378151%)
Known subnet vertices: 64 / 108 (59.259259%)

--- Subnet mappings ---
S1 = 103.196.240.0/28
S2 = 146.185.253.0/28
S3 = 178.21.16.72/31
S4 = 178.21.17.160/27
S5 = 185.116.166.0/27
S6 = 185.12.13.64/27
S7 = 185.53.160.128/28
S8 = 185.53.162.224/27
S9 = 185.53.163.128/29
S10 = 185.53.163.40/31
S11 = 185.8.176.16/28
S12 = 185.8.177.32/29
S13 = 185.8.179.32/28
S14 = 188.120.33.0/25
S15 = 188.120.35.128/27
S16 = 193.23.143.200/29
S17 = 193.23.143.224/27
S18 = 193.23.143.70/31
S19 = 193.23.143.88/29
S20 = 194.247.30.108/30
S21 = 194.247.30.160/30
S22 = 194.247.31.16/29
S23 = 194.247.31.8/30
S24 = 194.247.31.80/29
S25 = 31.186.174.32/29
S26 = 31.186.174.44/30
S27 = 31.186.174.80/28
S28 = 37.1.200.0/27
S29 = 37.1.201.8/29
S30 = 46.243.152.0/23
S31 = 46.243.155.128/26
S32 = 46.249.35.0/26
S33 = 46.249.36.32/29
S34 = 46.249.36.40/29
S35 = 46.249.36.48/30
S36 = 46.249.38.14/31
S37 = 46.249.43.128/26
S38 = 46.249.47.20/31
S39 = 46.249.55.192/31
S40 = 46.249.63.242/31
S41 = 46.249.63.252/30
S42 = 5.178.67.0/29
S43 = 5.178.67.24/31
S44 = 5.255.64.214/32
S45 = 5.255.66.224/28
S46 = 5.255.80.0/28
S47 = 5.255.82.20/30
S48 = 5.255.95.96/27
S49 = 5.45.66.0/28
S50 = 5.45.70.0/29
S51 = 5.45.70.8/30
S52 = 91.195.80.56/29
S53 = 91.195.81.106/31
S54 = 91.198.106.0/27
S55 = 91.198.106.128/28
S56 = 91.198.106.144/28
S57 = 91.198.106.160/27
S58 = 91.198.106.232/30
S59 = 91.198.106.36/30
S60 = 91.198.106.64/26
S61 = 93.158.201.176/29
S62 = 93.158.217.144/30
S63 = 93.158.217.96/27
S64 = 93.158.222.68/30

--- Degree analysis ---
New figure saved in AS50673_09-01-2020_bip_degree_CDFs.pdf
New figure saved in AS50673_09-01-2020_bip_top_local_density.pdf
Maximum top (neighborhood) degree: 520
Maximum bottom (subnet) degree: 520

--- Base cycles ---
New figure saved in AS50673_09-01-2020_bip_cycles.pdf
N22, T1, N81, S36, N107, T2
N28, T3, N56, T23, N60, T28, N71, T4
N56, S11, N71, T28, N60, T23
N56, S13, N71, T28, N60, T23
N56, S14, N71, T28, N60, T23
N56, S16, N71, T28, N60, T23
N56, S18, N71, T28, N60, T23
N56, T21, N57, T26, N71, T28, N60, T23
N56, T22, N58, T27, N71, T28, N60, T23
N81, S25, N107, S36
N81, S27, N107, S36
N81, S32, N107, S36
N81, S33, N107, S36
N81, S36, N107, S37
