--- About the graph ---
Total of vertices (all kinds): 275
Hypothetic vertices: 49 / 275 (17.818182%)
Subnet vertices: 132 / 275 (48.000000%)
Known subnet vertices: 83 / 132 (62.878788%)

--- Subnet mappings ---
S1 = 64.94.189.128/25
S2 = 74.201.136.64/30
S3 = 74.201.137.64/30
S4 = 216.52.95.0/26
S5 = 64.74.245.12/30
S6 = 74.201.131.192/31
S7 = 74.201.138.16/30
S8 = 74.201.150.224/29
S9 = 162.248.95.240/28
S10 = 74.201.136.16/30
S11 = 64.74.240.192/29
S12 = 74.201.136.8/30
S13 = 74.201.164.148/30
S14 = 64.94.185.0/25
S15 = 70.42.47.32/30
S16 = 74.201.136.92/30
S17 = 74.201.136.200/30
S18 = 74.201.254.252/30
S19 = 74.217.54.96/29
S20 = 64.74.240.224/30
S21 = 64.74.243.196/30
S22 = 64.74.245.244/30
S23 = 64.94.177.0/30
S24 = 64.94.177.16/30
S25 = 64.95.46.176/30
S26 = 64.95.46.180/30
S27 = 70.42.41.248/29
S28 = 70.42.45.20/30
S29 = 74.201.138.72/29
S30 = 74.201.139.204/30
S31 = 74.201.164.8/30
S32 = 74.201.179.40/30
S33 = 74.201.195.88/30
S34 = 74.201.198.16/30
S35 = 74.201.254.48/30
S36 = 74.217.50.16/29
S37 = 74.217.55.160/30
S38 = 64.74.240.208/29
S39 = 64.94.190.232/30
S40 = 74.201.138.84/30
S41 = 74.201.254.64/28
S42 = 74.201.254.240/30
S43 = 75.98.62.228/30
S44 = 216.52.93.92/30
S45 = 74.201.138.0/30
S46 = 74.217.49.236/30
S47 = 75.98.62.224/30
S48 = 74.201.138.80/30
S49 = 74.201.254.224/30
S50 = 64.94.177.68/30
S51 = 64.74.242.92/30
S52 = 64.74.242.108/30
S53 = 70.42.41.24/30
S54 = 70.42.45.120/30
S55 = 74.201.136.72/30
S56 = 74.201.254.96/29
S57 = 74.201.254.108/30
S58 = 74.217.49.132/30
S59 = 74.217.49.168/30
S60 = 74.217.49.176/30
S61 = 74.217.50.24/30
S62 = 74.201.152.96/30
S63 = 74.201.254.84/30
S64 = 74.201.254.80/30
S65 = 74.217.51.24/30
S66 = 75.98.40.40/29
S67 = 74.201.129.180/30
S68 = 74.201.129.248/30
S69 = 64.74.252.192/26
S70 = 64.74.254.68/30
S71 = 74.201.138.20/30
S72 = 104.153.107.128/25
S73 = 74.201.136.20/30
S74 = 74.201.136.12/30
S75 = 63.251.17.48/30
S76 = 64.74.240.232/30
S77 = 64.94.177.8/30
S78 = 74.201.164.152/30
S79 = 74.217.51.8/29
S80 = 216.52.93.228/30
S81 = 70.42.39.144/29
S82 = 216.52.90.0/23
S83 = 74.201.138.4/30

--- Top (neighborhood) degrees ---
Degree 1: 89 neighborhoods
Degree 2: 63 neighborhoods
Degree 3: 19 neighborhoods
Degree 4: 18 neighborhoods
Degree 5: N109, N157, N183, N186, N195
Degree 6: N131, N152, N179, N184, N215
Degree 7: N227
Degree 8: N13, N156, N193
Degree 9: N203, N216
Degree 11: N225, N239
Degree 12: N143
Degree 15: N144
Degree 16: N112, N230
Degree 17: N119
Degree 19: N217
Degree 21: N110
Degree 22: N232, N97
Degree 24: N223
Degree 26: N98
Degree 31: N111
Degree 32: N210
Degree 35: N117
Degree 36: N113
Degree 38: N182
Degree 39: N114
Degree 40: N206
Degree 42: N231
Degree 45: N115
Degree 48: N233
Degree 58: N103
Degree 66: N118
Degree 68: N125
Degree 76: N136
Degree 78: N17
Degree 79: N168
Degree 84: N158
Degree 102: N105
Degree 114: N104
Degree 206: N209
Degree 210: N124

--- Bottom (subnet) degrees ---
Degree 1: 1929 subnets
Degree 2: 72 subnets
Degree 3: 74.201.136.64/30 (sound), 64.95.46.180/30 (sound), 64.74.240.208/29, 74.201.138.84/30 (sound), 74.201.254.64/28 (sound), 74.217.49.236/30 (sound), 74.201.254.96/29, 104.153.107.128/25, 216.52.90.0/23, 162.248.95.240/28 (sound)
Degree 6: 216.52.95.0/26 (sound)

--- Base cycles ---
N101, T2, N102, S2, N118, S72, N206, S73, N125, S41, N158, S46, N223, S82, N117, T4
N117, S38, N158, S46, N223, S82
N117, S4, N223, S82
N118, S10, N125, S73, N206, S72
N118, S12, N136, S26, N210, S74, N206, S72
N118, S4, N206, S72
N118, S9, N209, S72
N125, S41, N158, S4, N206, S73
N158, S4, N223, S46
N158, S40, N223, S46
N158, S45, N168, S83, N223, S46
N168, S56, N223, S83
