--- About the graph ---
Total of vertices (all kinds): 313
Hypothetic vertices: 47 / 313 (15.015974%)
Subnet vertices: 151 / 313 (48.242812%)
Known subnet vertices: 104 / 151 (68.874172%)

--- Subnet mappings ---
S1 = 134.222.48.69/32
S2 = 134.222.48.161/32
S3 = 134.222.48.162/32
S4 = 134.222.49.5/32
S5 = 134.222.49.43/32
S6 = 134.222.105.198/31
S7 = 134.222.48.159/32
S8 = 134.222.48.4/31
S9 = 134.222.144.82/31
S10 = 134.222.48.172/31
S11 = 134.222.112.32/28
S12 = 134.222.48.137/32
S13 = 134.222.48.245/32
S14 = 134.222.48.210/32
S15 = 134.222.48.15/32
S16 = 134.222.48.207/32
S17 = 134.222.48.208/32
S18 = 134.222.48.235/32
S19 = 134.222.48.213/32
S20 = 134.222.48.243/32
S21 = 134.222.96.0/28
S22 = 134.222.48.254/31
S23 = 134.222.96.128/25
S24 = 134.222.152.64/31
S25 = 134.222.153.248/31
S26 = 134.222.153.252/31
S27 = 134.222.49.108/31
S28 = 134.222.48.222/31
S29 = 134.222.48.216/31
S30 = 134.222.48.218/31
S31 = 134.222.48.252/31
S32 = 134.222.48.178/31
S33 = 134.222.48.96/29
S34 = 134.222.48.156/31
S35 = 134.222.48.146/31
S36 = 134.222.48.18/31
S37 = 134.222.48.50/31
S38 = 134.222.48.36/31
S39 = 134.222.92.224/28
S40 = 134.222.94.156/30
S41 = 212.189.1.192/27
S42 = 134.222.49.34/31
S43 = 134.222.49.48/31
S44 = 134.222.49.28/31
S45 = 134.222.49.40/31
S46 = 134.222.95.68/30
S47 = 134.222.95.160/29
S48 = 134.222.48.70/31
S49 = 134.222.129.32/31
S50 = 134.222.152.100/31
S51 = 134.222.49.62/31
S52 = 134.222.49.106/31
S53 = 134.222.153.68/30
S54 = 134.222.48.224/31
S55 = 134.222.48.236/31
S56 = 134.222.94.212/30
S57 = 134.222.94.240/31
S58 = 134.222.128.8/30
S59 = 134.222.192.240/31
S60 = 134.222.48.25/32
S61 = 134.222.48.29/32
S62 = 134.222.48.22/32
S63 = 134.222.49.16/31
S64 = 134.222.49.20/31
S65 = 134.222.48.81/32
S66 = 134.222.48.85/32
S67 = 134.222.116.161/32
S68 = 134.222.116.222/31
S69 = 134.222.117.224/31
S70 = 134.222.48.194/32
S71 = 134.222.48.122/32
S72 = 134.222.48.75/32
S73 = 134.222.49.87/32
S74 = 134.222.138.144/28
S75 = 134.222.48.110/31
S76 = 134.222.48.92/31
S77 = 134.222.48.114/31
S78 = 134.222.48.106/31
S79 = 134.222.48.104/31
S80 = 134.222.48.30/31
S81 = 134.222.48.34/31
S82 = 134.222.49.32/31
S83 = 134.222.48.130/31
S84 = 134.222.109.82/31
S85 = 134.222.146.254/31
S86 = 134.222.109.128/31
S87 = 134.222.125.192/31
S88 = 134.222.160.0/21
S89 = 134.222.48.183/32
S90 = 134.222.48.190/32
S91 = 134.222.101.14/31
S92 = 134.222.148.140/31
S93 = 134.222.116.225/32
S94 = 134.222.117.5/32
S95 = 134.222.117.37/32
S96 = 134.222.117.70/31
S97 = 134.222.117.129/32
S98 = 134.222.134.162/31
S99 = 134.222.134.195/32
S100 = 212.165.118.250/32
S101 = 212.165.122.0/28
S102 = 212.165.118.16/30
S103 = 212.165.118.244/30
S104 = 212.165.118.248/31

--- Top (neighborhood) degrees ---
Degree 1: 27 neighborhoods
Degree 2: 80 neighborhoods
Degree 3: 15 neighborhoods
Degree 4: 16 neighborhoods
Degree 5: N129, N148, N164, N165, N199, N61
Degree 6: N101, N107, N116, N118, N127, N155, N52, N75
Degree 7: N152, N154, N67, N98
Degree 8: N151, N2, N58, N80
Degree 9: N103, N178, N192, N197, N198, N48
Degree 10: N47
Degree 11: N126, N146, N43, N53
Degree 12: N122, N144, N147
Degree 13: N149, N77
Degree 14: N180, N182, N63
Degree 16: N181, N194
Degree 17: N108
Degree 18: N44, N59
Degree 19: N169, N45
Degree 21: N42
Degree 23: N138, N82
Degree 24: N1, N46
Degree 27: N105
Degree 30: N86
Degree 31: N143, N60
Degree 32: N112
Degree 33: N24
Degree 37: N78
Degree 39: N132
Degree 46: N179
Degree 63: N50
Degree 64: N68
Degree 75: N65

--- Bottom (subnet) degrees ---
Degree 1: 1078 subnets
Degree 2: 96 subnets
Degree 3: 212.165.118.244/30 (sound), 134.222.96.128/25, 134.222.92.224/28 (sound), 212.189.1.192/27, 134.222.153.68/30, 134.222.138.144/28 (sound)
Degree 4: 212.165.122.0/28
Degree 6: 134.222.160.0/21

--- Base cycles ---
N192, T9, N200, S104, N201, S103, N198, S102, N194, S100 (B)
N65, S14 (B), N68, S28, N77, S54, N112, S53
N65, S17 (B), N112, S53
N65, S23, N68, S28, N77, S54, N112, S53
N68, S29, N86, S39
