--- About the graph ---
Total of vertices (all kinds): 286
Hypothetic vertices: 42 / 286 (14.685315%)
Subnet vertices: 137 / 286 (47.902098%)
Known subnet vertices: 95 / 137 (69.343066%)

--- Subnet mappings ---
S1 = 64.94.189.192/26
S2 = 74.201.136.64/30
S3 = 74.201.137.64/30
S4 = 75.98.32.8/31
S5 = 75.98.32.10/31
S6 = 75.98.33.0/26
S7 = 75.98.33.174/31
S8 = 216.52.95.0/26
S9 = 64.74.240.208/28
S10 = 64.94.190.232/30
S11 = 74.201.208.56/30
S12 = 74.201.254.240/30
S13 = 74.217.160.0/26
S14 = 216.52.93.92/30
S15 = 74.201.138.0/30
S16 = 64.74.242.92/30
S17 = 75.98.62.224/30
S18 = 74.201.252.0/30
S19 = 64.94.177.68/30
S20 = 74.201.138.80/30
S21 = 64.74.242.108/30
S22 = 70.42.41.24/30
S23 = 70.42.45.120/30
S24 = 74.201.153.128/29
S25 = 74.201.248.64/27
S26 = 74.201.254.48/29
S27 = 74.201.254.108/30
S28 = 74.217.49.168/30
S29 = 74.217.49.176/30
S30 = 74.217.49.224/29
S31 = 74.217.50.24/30
S32 = 74.201.152.96/30
S33 = 74.201.254.84/30
S34 = 74.201.254.80/30
S35 = 74.217.51.24/30
S36 = 75.98.40.40/29
S37 = 64.74.254.16/30
S38 = 64.74.254.32/30
S39 = 64.74.254.36/30
S40 = 64.74.254.64/29
S41 = 64.74.252.0/24
S42 = 74.201.129.180/30
S43 = 74.201.129.248/30
S44 = 74.201.164.140/30
S45 = 74.201.252.196/30
S46 = 74.201.253.52/30
S47 = 70.42.39.144/29
S48 = 63.251.20.248/29
S49 = 63.251.27.48/30
S50 = 64.74.245.12/30
S51 = 74.201.131.192/31
S52 = 74.201.138.16/30
S53 = 74.201.150.224/30
S54 = 75.98.56.0/26
S55 = 104.153.107.128/25
S56 = 74.201.136.8/30
S57 = 64.74.240.192/30
S58 = 74.201.136.16/30
S59 = 64.94.172.120/30
S60 = 64.74.240.224/30
S61 = 64.74.245.240/29
S62 = 64.94.177.0/30
S63 = 64.94.177.16/30
S64 = 64.95.46.176/30
S65 = 64.95.46.180/30
S66 = 70.42.41.248/29
S67 = 70.42.45.20/30
S68 = 74.201.139.204/30
S69 = 74.201.179.40/30
S70 = 74.201.195.88/30
S71 = 74.217.50.16/29
S72 = 64.94.185.0/25
S73 = 74.201.136.92/30
S74 = 74.201.136.200/30
S75 = 74.201.254.252/30
S76 = 74.217.54.96/29
S77 = 64.74.245.60/30
S78 = 64.74.244.36/30
S79 = 70.42.74.248/29
S80 = 74.201.138.20/30
S81 = 162.248.95.240/28
S82 = 74.201.136.12/30
S83 = 74.201.136.20/30
S84 = 64.74.240.240/30
S85 = 63.251.17.48/30
S86 = 64.74.240.232/30
S87 = 64.94.177.8/30
S88 = 74.201.132.196/30
S89 = 74.217.51.8/29
S90 = 70.42.47.32/30
S91 = 74.201.138.84/30
S92 = 74.217.49.236/30
S93 = 75.98.62.228/30
S94 = 74.201.138.4/30
S95 = 64.74.245.20/30

--- Top (neighborhood) degrees ---
Degree 1: 98 neighborhoods
Degree 2: 79 neighborhoods
Degree 3: 18 neighborhoods
Degree 4: 22 neighborhoods
Degree 5: N106, N197, N234, N241, N261
Degree 6: N138, N161, N170, N176
Degree 7: N147, N255
Degree 8: N141, N258
Degree 9: N191, N6
Degree 10: N15, N159, N181, N184, N236
Degree 13: N139, N193
Degree 15: N222
Degree 16: N256
Degree 17: N143, N223
Degree 20: N140
Degree 22: N144, N145
Degree 25: N264
Degree 27: N249
Degree 32: N149
Degree 37: N175
Degree 40: N200, N260
Degree 50: N232
Degree 54: N216
Degree 56: N245
Degree 61: N150
Degree 71: N207
Degree 72: N158
Degree 75: N132
Degree 124: N20
Degree 132: N134
Degree 133: N133
Degree 211: N215
Degree 226: N248
Degree 229: N246
Degree 256: N208

--- Bottom (subnet) degrees ---
Degree 1: 2363 subnets
Degree 2: 84 subnets
Degree 3: 74.217.160.0/26, 74.201.136.64/30 (sound), 74.201.248.64/27, 75.98.32.8/31, 104.153.107.128/25, 75.98.33.0/26 (sound), 64.95.46.180/30 (sound), 64.94.185.0/25, 162.248.95.240/28 (sound), 64.74.240.208/28
Degree 6: 216.52.95.0/26 (sound)

--- Base cycles ---
N138, S4 (B), N139, S6
N138, S4 (B), N141, S6
N149, S8, N150, S13
N149, S8, N150, S9
N150, S8, N260, S94, N264, S25, N158, S15
