--- About the graph ---
Total of vertices (all kinds): 286
Hypothetic vertices: 55 / 286 (19.230769%)
Subnet vertices: 137 / 286 (47.902098%)
Known subnet vertices: 82 / 137 (59.854015%)

--- Subnet mappings ---
S1 = 216.52.95.0/26
S2 = 64.74.245.12/30
S3 = 74.201.131.192/31
S4 = 74.201.138.16/30
S5 = 74.201.150.224/29
S6 = 162.248.95.240/28
S7 = 74.201.136.8/30
S8 = 74.201.136.16/30
S9 = 64.74.240.192/29
S10 = 74.201.164.148/30
S11 = 74.201.136.64/30
S12 = 64.74.240.224/30
S13 = 64.74.245.244/30
S14 = 64.94.177.0/30
S15 = 64.94.177.16/30
S16 = 64.95.46.176/30
S17 = 64.95.46.180/30
S18 = 70.42.41.248/29
S19 = 70.42.45.20/30
S20 = 74.201.138.72/29
S21 = 74.201.139.204/30
S22 = 74.201.164.8/30
S23 = 74.201.179.40/30
S24 = 74.201.195.88/30
S25 = 74.201.198.16/30
S26 = 74.201.254.48/30
S27 = 74.217.50.16/29
S28 = 74.217.55.160/30
S29 = 64.74.243.196/30
S30 = 74.201.136.92/30
S31 = 74.201.136.200/30
S32 = 74.201.254.252/30
S33 = 74.217.54.96/29
S34 = 74.201.137.64/30
S35 = 64.74.240.208/29
S36 = 64.94.190.232/30
S37 = 74.201.254.64/28
S38 = 74.201.254.240/30
S39 = 216.52.93.92/30
S40 = 74.201.138.0/30
S41 = 75.98.62.224/30
S42 = 74.201.138.80/30
S43 = 74.201.254.224/30
S44 = 64.94.177.68/30
S45 = 64.74.242.92/30
S46 = 70.42.41.24/30
S47 = 70.42.45.120/30
S48 = 74.201.254.108/30
S49 = 74.217.49.132/30
S50 = 74.217.49.168/30
S51 = 74.217.49.176/30
S52 = 74.217.50.24/30
S53 = 74.201.152.96/30
S54 = 74.201.254.84/30
S55 = 74.201.254.80/30
S56 = 74.217.51.24/30
S57 = 75.98.40.40/29
S58 = 74.201.129.180/30
S59 = 74.201.129.248/30
S60 = 64.74.252.192/26
S61 = 64.74.254.68/30
S62 = 64.94.177.196/30
S63 = 70.42.39.144/29
S64 = 64.94.189.128/25
S65 = 74.201.138.20/30
S66 = 104.153.107.0/24
S67 = 74.201.136.20/30
S68 = 74.201.136.12/30
S69 = 70.42.47.32/30
S70 = 63.251.17.48/30
S71 = 64.74.240.232/30
S72 = 64.94.177.8/30
S73 = 74.201.164.152/30
S74 = 74.217.51.8/29
S75 = 74.217.49.236/30
S76 = 75.98.62.228/30
S77 = 216.52.90.0/23
S78 = 74.201.138.4/30
S79 = 74.201.138.84/30
S80 = 74.201.136.72/30
S81 = 74.201.254.96/29
S82 = 70.42.41.48/30

--- Top (neighborhood) degrees ---
Degree 1: 115 neighborhoods
Degree 2: 68 neighborhoods
Degree 3: 19 neighborhoods
Degree 4: 18 neighborhoods
Degree 5: N132, N214
Degree 6: N164, N173, N181, N201, N243
Degree 7: N180, N253, N273
Degree 8: N11, N212
Degree 9: N222, N244
Degree 10: N272
Degree 11: N255
Degree 13: N155, N156, N257, N263
Degree 14: N261
Degree 16: N135
Degree 17: N143
Degree 19: N114
Degree 20: N115
Degree 21: N133
Degree 22: N178
Degree 23: N249
Degree 25: N179
Degree 27: N236
Degree 30: N128
Degree 31: N134
Degree 32: N130
Degree 34: N225
Degree 35: N204, N233, N238
Degree 37: N245
Degree 42: N136
Degree 45: N264
Degree 46: N168
Degree 50: N129
Degree 51: N262
Degree 53: N187, N194
Degree 58: N182
Degree 66: N142
Degree 73: N149
Degree 83: N15
Degree 102: N184
Degree 111: N183
Degree 183: N148
Degree 193: N235

--- Bottom (subnet) degrees ---
Degree 1: 1945 subnets
Degree 2: 75 subnets
Degree 3: 64.95.46.180/30 (sound), 64.74.240.208/29, 74.201.254.64/28 (sound), 162.248.95.240/28 (sound), 216.52.90.0/23, 74.201.254.96/29
Degree 7: 216.52.95.0/26 (sound)

--- Base cycles ---
N136, S1, N245, S77
N136, S35, N187, S40, N194, T14, N198, T24, N249, S81, N245, S77
N142, S1, N233, S67, N236, T21, N169, T8, N168, S8
N142, S6, N235, S66, N233, S67, N236, T21, N169, T8, N168, S8
N142, S7, N149, S17, N238, S68, N233, S67, N236, T21, N169, T8, N168, S8
N187, S1, N245, S81, N249, T24, N198, T14, N194, S40
N245, S78, N249, S81
