--- About the graph ---
Total of vertices (all kinds): 251
Hypothetic vertices: 46 / 251 (18.326693%)
Subnet vertices: 114 / 251 (45.418327%)
Known subnet vertices: 68 / 114 (59.649123%)

--- Subnet mappings ---
S1 = 5.178.67.24/31
S2 = 37.49.228.128/26
S3 = 46.249.63.192/26
S4 = 93.158.217.96/31
S5 = 93.158.217.98/31
S6 = 178.21.16.74/31
S7 = 185.8.179.32/28
S8 = 185.8.177.32/31
S9 = 46.249.55.192/31
S10 = 185.53.163.40/31
S11 = 185.53.163.128/29
S12 = 185.53.161.186/31
S13 = 5.45.66.0/28
S14 = 5.45.70.0/29
S15 = 5.45.70.8/30
S16 = 37.1.200.2/31
S17 = 37.1.200.4/30
S18 = 37.1.201.8/29
S19 = 5.178.67.0/29
S20 = 5.255.64.214/32
S21 = 5.255.66.232/29
S22 = 5.255.80.0/28
S23 = 5.255.82.0/26
S24 = 31.186.174.32/29
S25 = 31.186.174.44/30
S26 = 31.186.174.80/28
S27 = 46.249.35.0/25
S28 = 46.249.36.40/30
S29 = 46.249.36.48/30
S30 = 46.249.47.20/31
S31 = 91.195.81.106/31
S32 = 93.158.201.176/30
S33 = 146.185.253.0/28
S34 = 5.255.95.96/29
S35 = 178.21.17.160/28
S36 = 185.8.176.16/28
S37 = 185.53.162.224/27
S38 = 185.116.166.0/27
S39 = 91.221.69.128/26
S40 = 103.196.240.0/28
S41 = 46.249.36.32/29
S42 = 93.158.217.144/30
S43 = 93.158.222.68/30
S44 = 185.12.13.64/27
S45 = 46.243.152.0/23
S46 = 188.120.33.0/25
S47 = 188.120.34.0/24
S48 = 188.120.35.136/29
S49 = 46.249.38.0/26
S50 = 46.249.38.160/27
S51 = 185.14.28.0/22
S52 = 217.12.200.0/23
S53 = 91.198.106.16/30
S54 = 91.198.106.36/30
S55 = 91.198.106.64/26
S56 = 91.198.106.128/28
S57 = 91.198.106.144/28
S58 = 91.198.106.160/27
S59 = 91.198.106.232/30
S60 = 193.23.143.70/31
S61 = 193.23.143.80/28
S62 = 193.23.143.200/29
S63 = 193.23.143.224/27
S64 = 194.247.30.108/30
S65 = 194.247.30.160/30
S66 = 194.247.31.8/30
S67 = 194.247.31.16/29
S68 = 194.247.31.80/29

--- Top (neighborhood) degrees ---
Degree 1: 12 neighborhoods
Degree 2: 37 neighborhoods
Degree 3: 15 neighborhoods
Degree 4: N108, N24, N79, N94
Degree 5: N121, N133, N75
Degree 6: N11, N136, N23, N73
Degree 7: N113, N118, N137, N141, N49
Degree 8: N10, N3, N6, N86, N92
Degree 9: N14, N48, N72, N84, N88
Degree 10: N64, N69, N74, N83, N85
Degree 11: N143, N62, N70
Degree 12: N68, N91
Degree 13: N132, N142, N146, N147, N78
Degree 14: N127, N131, N71, N77
Degree 15: N144, N98
Degree 17: N139, N148
Degree 18: N138, N140
Degree 19: N50
Degree 20: N44, N81
Degree 21: N128
Degree 25: N42
Degree 28: N46
Degree 29: N107, N56
Degree 32: N129
Degree 34: N37
Degree 35: N52
Degree 36: N41
Degree 39: N60
Degree 40: N126
Degree 44: N55
Degree 52: N51
Degree 53: N61
Degree 59: N59
Degree 60: N47
Degree 61: N43, N58
Degree 64: N38, N53
Degree 89: N45
Degree 90: N39
Degree 91: N57
Degree 98: N54
Degree 115: N40
Degree 133: N36
Degree 149: N16
Degree 190: N17
Degree 219: N35
Degree 263: N87
Degree 265: N96
Degree 553: N99
Degree 554: N63

--- Bottom (subnet) degrees ---
Degree 1: 4093 subnets
Degree 2: 34 subnets
Degree 3: 25 subnets
Degree 4: 37.1.200.2/31, 46.249.36.40/30, 46.249.36.48/30 (sound), 146.185.253.0/28, 185.14.28.0/22 (sound), 91.198.106.64/26
Degree 5: 5.255.80.0/28, 185.8.179.32/28 (sound)
Degree 6: 91.198.106.160/27

--- Base cycles ---
N126, S55, N129, S56
N126, S58, N137, S62
N126, S58, N138, S65
N126, S59, N140, S60 (B)
N126, S59, N144, S63
N126, S66, N148, S67
N16, S11, N118, S51, N121, S12
N16, S9, N107, S48
N16, T3, N87, T26, N89, T29, N96, T4
N16, T5, N99, S42
N35, S13, N37, S15
N63, S24, N73, S26
N77, S28, N99, S29
N87, T25, N88, T28, N96, T29, N89, T26
N87, T26, N89, T29, N96, S34
N87, T26, N89, T29, N96, S35
N87, T26, N89, T29, N96, S36
N87, T26, N89, T29, N96, S37
N87, T26, N89, T29, N96, S38
