--- About the graph ---
Total of vertices (all kinds): 250
Hypothetic vertices: 46 / 250 (18.400000%)
Subnet vertices: 114 / 250 (45.600000%)
Known subnet vertices: 68 / 114 (59.649123%)

--- Subnet mappings ---
S1 = 103.196.240.0/28
S2 = 146.185.253.0/28
S3 = 178.21.16.74/31
S4 = 178.21.17.160/28
S5 = 185.116.166.0/27
S6 = 185.12.13.64/27
S7 = 185.14.28.0/22
S8 = 185.53.161.186/31
S9 = 185.53.162.224/27
S10 = 185.53.163.128/29
S11 = 185.53.163.40/31
S12 = 185.8.176.16/28
S13 = 185.8.177.32/31
S14 = 185.8.179.32/28
S15 = 188.120.33.0/25
S16 = 188.120.34.0/24
S17 = 188.120.35.136/29
S18 = 193.23.143.200/29
S19 = 193.23.143.224/27
S20 = 193.23.143.70/31
S21 = 193.23.143.80/28
S22 = 194.247.30.108/30
S23 = 194.247.30.160/30
S24 = 194.247.31.16/29
S25 = 194.247.31.8/30
S26 = 194.247.31.80/29
S27 = 217.12.200.0/23
S28 = 31.186.174.32/29
S29 = 31.186.174.44/30
S30 = 31.186.174.80/28
S31 = 37.1.200.2/31
S32 = 37.1.200.4/30
S33 = 37.1.201.8/29
S34 = 37.49.228.128/26
S35 = 46.243.152.0/23
S36 = 46.249.35.0/25
S37 = 46.249.36.32/29
S38 = 46.249.36.40/30
S39 = 46.249.36.48/30
S40 = 46.249.38.0/26
S41 = 46.249.38.160/27
S42 = 46.249.47.20/31
S43 = 46.249.55.192/31
S44 = 46.249.63.192/26
S45 = 5.178.67.0/29
S46 = 5.178.67.24/31
S47 = 5.255.64.214/32
S48 = 5.255.66.232/29
S49 = 5.255.80.0/28
S50 = 5.255.82.0/26
S51 = 5.255.95.96/29
S52 = 5.45.66.0/28
S53 = 5.45.70.0/29
S54 = 5.45.70.8/30
S55 = 91.195.81.106/31
S56 = 91.198.106.128/28
S57 = 91.198.106.144/28
S58 = 91.198.106.16/30
S59 = 91.198.106.160/27
S60 = 91.198.106.232/30
S61 = 91.198.106.36/30
S62 = 91.198.106.64/26
S63 = 91.221.69.128/26
S64 = 93.158.201.176/30
S65 = 93.158.217.144/30
S66 = 93.158.217.96/31
S67 = 93.158.217.98/31
S68 = 93.158.222.68/30

--- Degree analysis ---
New figure saved in AS50673_20-03-2020_bip_degree_CDFs.pdf
New figure saved in AS50673_20-03-2020_bip_top_local_density.pdf
Maximum top (neighborhood) degree: 553
Maximum bottom (subnet) degree: 553

--- Base cycles ---
New figure saved in AS50673_20-03-2020_bip_cycles.pdf
N16, S11, N118, S51, N121, S12
N16, T3, N87, T26, N89, T29, N96, T4
N87, T25, N88, T28, N96, T29, N89, T26
N87, T26, N89, T29, N96, S34
N87, T26, N89, T29, N96, S35
N87, T26, N89, T29, N96, S36
N87, T26, N89, T29, N96, S37
N87, T26, N89, T29, N96, S38
