--- About the graph ---
Total of vertices (all kinds): 300
Hypothetic vertices: 73 / 300 (24.333333%)
Subnet vertices: 148 / 300 (49.333333%)
Known subnet vertices: 75 / 148 (50.675676%)

--- Subnet mappings ---
S1 = 134.222.48.232/31
S2 = 134.222.95.68/30
S3 = 134.222.95.128/25
S4 = 134.222.129.196/30
S5 = 134.222.101.14/31
S6 = 134.222.112.32/28
S7 = 134.222.116.224/31
S8 = 134.222.117.4/31
S9 = 134.222.117.36/31
S10 = 134.222.117.128/31
S11 = 134.222.134.194/31
S12 = 134.222.128.8/30
S13 = 134.222.148.140/31
S14 = 194.122.122.16/30
S15 = 194.122.122.156/30
S16 = 134.222.48.246/31
S17 = 134.222.48.192/31
S18 = 134.222.48.244/31
S19 = 134.222.48.212/31
S20 = 134.222.94.212/30
S21 = 134.222.94.240/31
S22 = 194.122.122.24/30
S23 = 134.222.117.132/31
S24 = 134.222.134.152/31
S25 = 134.222.48.120/31
S26 = 134.222.49.86/31
S27 = 134.222.160.0/21
S28 = 194.122.122.40/30
S29 = 134.222.48.156/31
S30 = 134.222.48.174/31
S31 = 134.222.48.158/31
S32 = 194.122.122.44/30
S33 = 134.222.119.24/31
S34 = 194.122.122.60/30
S35 = 194.122.122.68/30
S36 = 194.122.122.80/30
S37 = 194.122.122.96/30
S38 = 134.222.48.230/31
S39 = 134.222.96.192/27
S40 = 134.222.128.124/30
S41 = 134.222.153.248/31
S42 = 134.222.153.252/31
S43 = 134.222.155.238/31
S44 = 134.222.48.222/31
S45 = 134.222.48.216/31
S46 = 134.222.49.108/31
S47 = 134.222.92.224/28
S48 = 134.222.49.48/31
S49 = 134.222.236.0/29
S50 = 194.122.122.112/30
S51 = 134.222.48.68/31
S52 = 134.222.105.196/30
S53 = 134.222.48.12/31
S54 = 134.222.48.176/31
S55 = 134.222.48.122/31
S56 = 134.222.117.224/31
S57 = 134.222.48.194/31
S58 = 134.222.116.194/31
S59 = 134.222.117.38/31
S60 = 134.222.117.130/31
S61 = 134.222.117.188/31
S62 = 134.222.138.144/28
S63 = 134.222.139.0/24
S64 = 194.122.122.132/30
S65 = 134.222.48.112/31
S66 = 134.222.48.108/31
S67 = 134.222.153.70/31
S68 = 134.222.48.14/31
S69 = 134.222.48.206/31
S70 = 134.222.96.250/31
S71 = 134.222.152.100/31
S72 = 134.222.109.82/31
S73 = 134.222.146.254/31
S74 = 194.122.122.140/30
S75 = 194.122.122.144/30

--- Top (neighborhood) degrees ---
Degree 1: N3, N5, N6
Degree 2: 66 neighborhoods
Degree 3: 16 neighborhoods
Degree 4: 13 neighborhoods
Degree 5: N103, N155, N18, N19, N25, N26, N33, N45, N87, N93
Degree 6: N124, N127, N145, N15, N158, N160, N29, N64
Degree 7: N143, N2, N37, N68, N8, N83
Degree 8: N128, N133, N154, N44, N80, N91
Degree 9: N138, N52, N56, N92
Degree 10: N118, N125, N141, N72
Degree 11: N129, N89, N90
Degree 12: N38
Degree 13: N35, N59
Degree 14: N22, N46, N82
Degree 17: N150, N57
Degree 19: N142
Degree 20: N62, N78, N84
Degree 21: N39
Degree 22: N69
Degree 29: N105, N149
Degree 37: N27
Degree 49: N96
Degree 54: N94
Degree 55: N119
Degree 69: N9

--- Bottom (subnet) degrees ---
Degree 1: 765 subnets
Degree 2: 49 subnets
Degree 3: 23 subnets
Degree 4: 134.222.48.120/31, 134.222.160.0/21, 134.222.48.158/31

--- Base cycles ---
N27, S30 (B), N81, S31 (B), N127, S54 (B)
N27, S53 (B), N127, S54 (B)
N56, S14, N57, S44 (B), N96, S38, N94, S68 (B), N149, S15
N56, S14, N57, S44 (B), N96, S39, N94, S68 (B), N149, S15
N57, S14, N103, S44 (B)
N57, S17, N59, S62, N138, S63
N57, S44 (B), N96, S54 (B), N127, S55 (B), N129, S57, N138, S63
N62, S15, N149, S69 (B)
N69, S25 (B), N133, S58 (B)
N69, S25 (B), N133, S59 (B)
N69, S25 (B), N133, S60 (B)
N69, S25 (B), N133, S61 (B)
N72, S25 (B), N129, S56 (B)
N72, S26 (B), N129, S56 (B)
N96, S45, N105, S47
