--- About the graph ---
Total of vertices (all kinds): 251
Hypothetic vertices: 46 / 251 (18.326693%)
Subnet vertices: 113 / 251 (45.019920%)
Known subnet vertices: 67 / 113 (59.292035%)

--- Subnet mappings ---
S1 = 185.8.179.32/28
S2 = 46.249.63.192/26
S3 = 185.8.177.32/31
S4 = 185.53.163.40/31
S5 = 185.53.161.186/31
S6 = 185.53.163.128/29
S7 = 5.45.66.0/29
S8 = 5.45.70.0/29
S9 = 5.45.70.8/31
S10 = 37.1.200.0/27
S11 = 37.1.201.8/29
S12 = 5.255.95.100/31
S13 = 91.221.69.128/26
S14 = 178.21.17.168/29
S15 = 185.8.176.16/28
S16 = 185.53.160.128/28
S17 = 185.53.162.228/32
S18 = 185.116.166.0/27
S19 = 103.196.240.0/28
S20 = 46.249.38.32/27
S21 = 46.249.38.160/27
S22 = 185.14.28.0/22
S23 = 217.12.200.0/23
S24 = 5.178.67.24/31
S25 = 178.21.16.74/31
S26 = 46.249.55.192/31
S27 = 5.178.67.0/29
S28 = 5.255.66.224/28
S29 = 5.255.80.0/28
S30 = 5.255.82.0/26
S31 = 31.186.174.32/29
S32 = 31.186.174.44/30
S33 = 31.186.174.80/28
S34 = 46.249.36.40/29
S35 = 46.249.36.48/30
S36 = 91.195.81.106/31
S37 = 93.158.201.178/31
S38 = 146.185.253.0/28
S39 = 5.255.64.192/27
S40 = 46.249.35.16/28
S41 = 46.249.36.36/30
S42 = 93.158.217.144/30
S43 = 93.158.222.68/30
S44 = 185.12.13.64/27
S45 = 5.255.66.208/29
S46 = 178.21.17.138/31
S47 = 46.243.152.0/23
S48 = 188.120.34.0/24
S49 = 188.120.35.136/29
S50 = 188.120.33.0/25
S51 = 46.249.38.14/31
S52 = 91.198.106.0/27
S53 = 91.198.106.36/30
S54 = 91.198.106.64/26
S55 = 91.198.106.128/28
S56 = 91.198.106.144/28
S57 = 91.198.106.160/27
S58 = 91.198.106.232/30
S59 = 193.23.143.70/31
S60 = 193.23.143.80/28
S61 = 193.23.143.200/29
S62 = 193.23.143.224/27
S63 = 194.247.30.108/30
S64 = 194.247.30.160/31
S65 = 194.247.31.8/30
S66 = 194.247.31.16/29
S67 = 194.247.31.80/30

--- Top (neighborhood) degrees ---
Degree 1: 11 neighborhoods
Degree 2: 29 neighborhoods
Degree 3: 15 neighborhoods
Degree 4: N113, N130, N149, N18, N70, N95
Degree 5: N133, N138, N65, N89, N92
Degree 6: N102, N111, N116, N134, N17, N78, N90
Degree 7: N118, N125, N41, N42, N72, N75, N81
Degree 8: N151, N57, N62, N99
Degree 9: N120, N128, N140
Degree 10: N100, N136, N55, N69, N85, N86, N91, N98
Degree 11: N129, N139, N144, N87
Degree 12: N141, N143, N94
Degree 13: N61, N88
Degree 14: N93
Degree 15: N135
Degree 16: N126, N137, N43
Degree 17: N11, N145
Degree 18: N15, N67
Degree 19: N37
Degree 21: N96
Degree 23: N1
Degree 24: N10
Degree 25: N35
Degree 28: N127
Degree 30: N49
Degree 31: N112, N152, N39
Degree 32: N150
Degree 34: N34
Degree 36: N30
Degree 39: N53
Degree 40: N45
Degree 45: N48
Degree 51: N52
Degree 52: N44
Degree 56: N54
Degree 57: N51, N77
Degree 60: N31
Degree 64: N36
Degree 67: N40
Degree 68: N46
Degree 72: N124
Degree 77: N21
Degree 82: N38
Degree 89: N32
Degree 94: N50
Degree 100: N47
Degree 114: N33
Degree 119: N29
Degree 163: N22
Degree 211: N28
Degree 259: N66
Degree 260: N56
Degree 553: N80
Degree 583: N101

--- Bottom (subnet) degrees ---
Degree 1: 4169 subnets
Degree 2: 33 subnets
Degree 3: 25 subnets
Degree 4: 185.14.28.0/22 (sound), 46.249.36.40/29, 46.249.36.48/30 (sound), 146.185.253.0/28, 46.243.152.0/23 (sound)
Degree 5: 185.8.179.32/28 (sound), 37.1.200.0/27, 5.255.80.0/28
Degree 6: 91.198.106.160/27 (sound)

--- Base cycles ---
N112, S47, N116, S50
N124, S54, N127, S55
N124, S57, N134, S61
N124, S58, N137, S59 (B)
N124, S58, N141, S62
N15, S1, N21, S6
N21, S5, N72, S22, N75, S6
N21, T3, N56, T24, N58, T26, N66, T4
N28, T5, N29, S7
N28, T5, N29, S9 (B)
N56, S12 (B), N66, T26, N58, T24
N56, S14, N66, T26, N58, T24
N56, S15, N66, T26, N58, T24
N56, S17 (B), N66, T26, N58, T24
N56, S18, N66, T26, N58, T24
N56, T23, N57, T25, N66, T26, N58, T24
N77, S26, N112, S49
N77, T28, N80, S28, N101, T29
N77, T28, N80, S30, N101, T29
N77, T28, N80, S34, N101, T29
N77, T28, N80, S35, N101, T29
N77, T28, N80, S36 (B), N101, T29
N77, T28, N80, S37 (B), N101, T29
N77, T29, N101, S42
N80, S31, N90, S33
N80, S34, N93, S35
N96, S36 (B), N101, S41
