--- About the graph ---
Total of vertices (all kinds): 251
Hypothetic vertices: 46 / 251 (18.326693%)
Subnet vertices: 113 / 251 (45.019920%)
Known subnet vertices: 67 / 113 (59.292035%)

--- Subnet mappings ---
S1 = 103.196.240.0/28
S2 = 146.185.253.0/28
S3 = 178.21.16.74/31
S4 = 178.21.17.138/31
S5 = 178.21.17.168/29
S6 = 185.116.166.0/27
S7 = 185.12.13.64/27
S8 = 185.14.28.0/22
S9 = 185.53.160.128/28
S10 = 185.53.161.186/31
S11 = 185.53.162.228/32
S12 = 185.53.163.128/29
S13 = 185.53.163.40/31
S14 = 185.8.176.16/28
S15 = 185.8.177.32/31
S16 = 185.8.179.32/28
S17 = 188.120.33.0/25
S18 = 188.120.34.0/24
S19 = 188.120.35.136/29
S20 = 193.23.143.200/29
S21 = 193.23.143.224/27
S22 = 193.23.143.70/31
S23 = 193.23.143.80/28
S24 = 194.247.30.108/30
S25 = 194.247.30.160/31
S26 = 194.247.31.16/29
S27 = 194.247.31.8/30
S28 = 194.247.31.80/30
S29 = 217.12.200.0/23
S30 = 31.186.174.32/29
S31 = 31.186.174.44/30
S32 = 31.186.174.80/28
S33 = 37.1.200.0/27
S34 = 37.1.201.8/29
S35 = 46.243.152.0/23
S36 = 46.249.35.16/28
S37 = 46.249.36.36/30
S38 = 46.249.36.40/29
S39 = 46.249.36.48/30
S40 = 46.249.38.14/31
S41 = 46.249.38.160/27
S42 = 46.249.38.32/27
S43 = 46.249.55.192/31
S44 = 46.249.63.192/26
S45 = 5.178.67.0/29
S46 = 5.178.67.24/31
S47 = 5.255.64.192/27
S48 = 5.255.66.208/29
S49 = 5.255.66.224/28
S50 = 5.255.80.0/28
S51 = 5.255.82.0/26
S52 = 5.255.95.100/31
S53 = 5.45.66.0/29
S54 = 5.45.70.0/29
S55 = 5.45.70.8/31
S56 = 91.195.81.106/31
S57 = 91.198.106.0/27
S58 = 91.198.106.128/28
S59 = 91.198.106.144/28
S60 = 91.198.106.160/27
S61 = 91.198.106.232/30
S62 = 91.198.106.36/30
S63 = 91.198.106.64/26
S64 = 91.221.69.128/26
S65 = 93.158.201.178/31
S66 = 93.158.217.144/30
S67 = 93.158.222.68/30

--- Degree analysis ---
New figure saved in AS50673_12-03-2020_bip_degree_CDFs.pdf
New figure saved in AS50673_12-03-2020_bip_top_local_density.pdf
Maximum top (neighborhood) degree: 583
Maximum bottom (subnet) degree: 583

--- Base cycles ---
New figure saved in AS50673_12-03-2020_bip_cycles.pdf
N21, T3, N56, T24, N58, T26, N66, T4
N56, S12, N66, T26, N58, T24
N56, S14, N66, T26, N58, T24
N56, S15, N66, T26, N58, T24
N56, S17, N66, T26, N58, T24
N56, S18, N66, T26, N58, T24
N56, T23, N57, T25, N66, T26, N58, T24
N77, T28, N80, S28, N101, T29
N77, T28, N80, S30, N101, T29
N77, T28, N80, S34, N101, T29
N77, T28, N80, S35, N101, T29
N77, T28, N80, S36, N101, T29
N77, T28, N80, S37, N101, T29
