--- About the graph ---
Total of vertices (all kinds): 273
Hypothetic vertices: 46 / 273 (16.849817%)
Subnet vertices: 128 / 273 (46.886447%)
Known subnet vertices: 82 / 128 (64.062500%)

--- Subnet mappings ---
S1 = 64.94.189.128/25
S2 = 216.52.95.0/26
S3 = 64.74.245.12/30
S4 = 74.201.131.192/31
S5 = 74.201.138.16/30
S6 = 74.201.150.224/29
S7 = 162.248.95.240/28
S8 = 74.201.136.8/30
S9 = 74.201.136.16/30
S10 = 64.74.240.192/29
S11 = 74.201.164.148/30
S12 = 74.201.136.64/30
S13 = 64.74.240.224/30
S14 = 64.74.245.244/30
S15 = 64.94.177.0/30
S16 = 64.94.177.16/30
S17 = 64.95.46.176/30
S18 = 64.95.46.180/30
S19 = 70.42.41.248/29
S20 = 70.42.45.20/30
S21 = 74.201.138.72/29
S22 = 74.201.139.204/30
S23 = 74.201.164.8/30
S24 = 74.201.179.40/30
S25 = 74.201.195.88/30
S26 = 74.201.198.16/30
S27 = 74.201.254.48/28
S28 = 74.217.50.16/29
S29 = 74.217.55.160/30
S30 = 64.74.243.196/30
S31 = 74.201.136.92/30
S32 = 74.201.136.200/30
S33 = 74.201.254.252/30
S34 = 74.217.54.96/29
S35 = 75.98.46.162/31
S36 = 74.201.137.64/30
S37 = 64.74.240.208/29
S38 = 64.94.190.232/30
S39 = 74.201.254.64/28
S40 = 74.201.254.240/30
S41 = 216.52.93.92/30
S42 = 74.201.138.0/30
S43 = 75.98.62.224/30
S44 = 74.201.138.80/30
S45 = 74.201.254.224/30
S46 = 64.94.177.68/30
S47 = 64.74.242.92/30
S48 = 70.42.41.24/30
S49 = 70.42.45.120/30
S50 = 74.201.254.108/30
S51 = 74.217.49.132/30
S52 = 74.217.49.168/30
S53 = 74.217.49.176/30
S54 = 74.217.50.24/30
S55 = 74.201.152.96/30
S56 = 74.201.254.84/30
S57 = 74.201.254.80/30
S58 = 74.217.51.24/30
S59 = 75.98.40.40/29
S60 = 74.201.129.180/30
S61 = 74.201.129.248/30
S62 = 64.74.252.192/26
S63 = 64.74.254.68/30
S64 = 70.42.39.144/29
S65 = 74.201.138.20/30
S66 = 104.153.107.128/25
S67 = 74.201.136.20/30
S68 = 74.201.136.12/30
S69 = 70.42.47.32/30
S70 = 63.251.17.48/30
S71 = 64.74.240.232/30
S72 = 64.94.177.8/30
S73 = 74.201.164.152/30
S74 = 74.217.51.8/29
S75 = 74.217.49.236/30
S76 = 75.98.62.228/30
S77 = 216.52.90.0/23
S78 = 74.201.138.4/30
S79 = 74.201.138.84/30
S80 = 74.201.136.72/30
S81 = 74.201.254.96/29
S82 = 70.42.41.48/30

--- Top (neighborhood) degrees ---
Degree 1: 124 neighborhoods
Degree 2: 63 neighborhoods
Degree 3: 18 neighborhoods
Degree 4: 17 neighborhoods
Degree 5: N228, N230, N237
Degree 6: N134, N154, N187, N196, N224, N261
Degree 7: N135, N163, N202, N271
Degree 8: N10, N235
Degree 9: N201, N245, N262
Degree 11: N273
Degree 14: N146, N148
Degree 15: N153, N166
Degree 17: N159, N161
Degree 19: N151
Degree 20: N133
Degree 22: N132
Degree 23: N247
Degree 24: N254, N267
Degree 26: N178
Degree 30: N152
Degree 32: N179
Degree 33: N256
Degree 34: N164
Degree 36: N227
Degree 38: N149
Degree 39: N191
Degree 40: N147
Degree 41: N263
Degree 43: N251
Degree 58: N210
Degree 60: N217
Degree 69: N165, N172, N204
Degree 79: N14
Degree 131: N205
Degree 134: N206
Degree 193: N171
Degree 200: N253

--- Bottom (subnet) degrees ---
Degree 1: 1914 subnets
Degree 2: 73 subnets
Degree 3: 64.95.46.180/30 (sound), 74.201.254.48/28, 64.74.240.208/29, 74.201.254.64/28 (sound), 104.153.107.128/25, 162.248.95.240/28 (sound), 216.52.90.0/23, 74.201.254.96/29
Degree 7: 216.52.95.0/26 (sound)

--- Base cycles ---
N164, S2, N210, S37
N164, S2, N263, S77
N165, S2, N251, S68, N256, S18, N172, S8
N165, S7, N253, S66
N165, S8, N172, S18, N256, S68, N251, S66
N165, S8, N172, S18, N256, S68, N251, S67, N254, T27, N192, T17, N191, S9
N165, S8, N172, S27
N191, T17, N192, T27, N254, S67, N251, S2, N210, S39
N210, S2, N263, S81, N267, T30, N221, T22, N217, S42
N263, S78, N267, S81
