--- About the graph ---
Total of vertices (all kinds): 275
Hypothetic vertices: 52 / 275 (18.909091%)
Subnet vertices: 129 / 275 (46.909091%)
Known subnet vertices: 77 / 129 (59.689922%)

--- Subnet mappings ---
S1 = 64.74.252.0/24
S2 = 216.52.95.0/26
S3 = 64.74.245.12/30
S4 = 74.201.131.192/31
S5 = 74.201.138.16/30
S6 = 74.201.150.224/30
S7 = 162.248.95.240/28
S8 = 74.201.136.16/30
S9 = 64.74.240.192/29
S10 = 74.201.136.8/30
S11 = 74.201.164.148/30
S12 = 74.201.136.64/30
S13 = 64.94.185.0/25
S14 = 74.201.136.92/30
S15 = 74.201.136.200/30
S16 = 74.201.254.252/30
S17 = 74.217.54.96/29
S18 = 64.74.240.224/30
S19 = 64.74.243.196/30
S20 = 64.74.245.244/30
S21 = 64.94.177.0/30
S22 = 64.94.177.16/30
S23 = 64.95.46.176/30
S24 = 64.95.46.180/30
S25 = 70.42.41.248/29
S26 = 74.201.138.72/29
S27 = 74.201.139.204/30
S28 = 74.201.164.8/30
S29 = 74.201.179.40/30
S30 = 74.201.195.88/30
S31 = 74.201.198.16/30
S32 = 74.201.254.48/30
S33 = 74.217.50.16/29
S34 = 74.217.55.160/30
S35 = 74.201.137.64/30
S36 = 64.74.240.208/29
S37 = 74.201.138.32/30
S38 = 216.52.93.92/30
S39 = 74.201.138.0/30
S40 = 75.98.62.224/30
S41 = 74.201.138.80/30
S42 = 64.94.190.232/30
S43 = 64.74.242.92/30
S44 = 64.74.242.108/30
S45 = 70.42.41.24/30
S46 = 70.42.45.120/30
S47 = 74.201.254.108/30
S48 = 74.217.49.132/30
S49 = 74.217.49.168/30
S50 = 74.217.49.176/30
S51 = 74.217.50.24/30
S52 = 74.201.152.96/30
S53 = 74.217.51.24/30
S54 = 75.98.40.40/29
S55 = 74.201.129.180/30
S56 = 74.201.129.248/30
S57 = 64.74.254.68/30
S58 = 64.94.177.196/30
S59 = 70.42.39.144/29
S60 = 74.201.136.60/30
S61 = 74.201.138.20/30
S62 = 104.153.107.128/25
S63 = 74.201.136.20/30
S64 = 74.201.136.12/30
S65 = 70.42.47.32/30
S66 = 63.251.17.48/30
S67 = 64.74.240.232/30
S68 = 64.94.177.8/30
S69 = 74.201.164.152/30
S70 = 74.217.51.8/30
S71 = 74.201.138.36/30
S72 = 74.201.138.84/30
S73 = 75.98.62.228/30
S74 = 74.201.138.4/30
S75 = 74.201.136.72/30
S76 = 74.201.254.96/29
S77 = 64.94.189.128/25

--- Top (neighborhood) degrees ---
Degree 1: 123 neighborhoods
Degree 2: 71 neighborhoods
Degree 3: 16 neighborhoods
Degree 4: 16 neighborhoods
Degree 5: N138, N187, N210, N219, N249
Degree 6: N162, N182, N206, N215, N230, N245
Degree 7: N213, N229, N279, N280
Degree 8: N13, N186
Degree 9: N221, N246
Degree 10: N257
Degree 14: N175, N265
Degree 15: N174
Degree 16: N272
Degree 17: N151
Degree 19: N267
Degree 20: N255
Degree 21: N270
Degree 22: N135
Degree 24: N251
Degree 25: N237
Degree 26: N136
Degree 31: N271
Degree 33: N239
Degree 36: N209
Degree 37: N149
Degree 38: N224
Degree 43: N157, N233
Degree 46: N247
Degree 54: N198, N266
Degree 55: N124
Degree 56: N123
Degree 57: N193, N268
Degree 66: N188
Degree 69: N150
Degree 75: N167
Degree 78: N17
Degree 132: N189, N190
Degree 205: N156, N236

--- Bottom (subnet) degrees ---
Degree 1: 2076 subnets
Degree 2: 70 subnets
Degree 3: 64.94.185.0/25, 64.95.46.180/30 (sound), 64.74.240.208/29, 74.201.131.192/31, 74.217.51.8/30, 74.201.254.96/29
Degree 7: 216.52.95.0/26 (sound)

--- Base cycles ---
N149, S2, N193, S36
N150, S2, N233, S63, N237, T21, N158, T8, N157, S8
N150, S4 (B), N233, S63, N237, T21, N158, T8, N157, S8
N150, S8, N157, T8, N158, T21, N237, S63, N233, S64, N239, S24, N167, S10
N157, T8, N158, T21, N237, S13
N188, T11, N189, T17, N229, T18, N190, T12
N193, S2, N247, S76, N251, T25, N203, T14, N198, S39
N239, T22, N240, S70
N247, S74, N251, S76
