--- About the graph ---
Total of vertices (all kinds): 250
Hypothetic vertices: 53 / 250 (21.200000%)
Subnet vertices: 116 / 250 (46.400000%)
Known subnet vertices: 63 / 116 (54.310345%)

--- Subnet mappings ---
S1 = 103.196.240.0/28
S2 = 146.185.253.0/28
S3 = 178.21.16.74/31
S4 = 178.21.17.168/29
S5 = 185.116.166.0/27
S6 = 185.12.13.64/27
S7 = 185.53.162.224/27
S8 = 185.53.163.134/31
S9 = 185.53.163.40/31
S10 = 185.53.163.42/31
S11 = 185.8.176.16/28
S12 = 185.8.177.32/31
S13 = 185.8.179.32/31
S14 = 185.8.179.34/31
S15 = 185.8.179.36/32
S16 = 185.8.179.38/31
S17 = 188.120.35.136/29
S18 = 193.23.143.200/29
S19 = 193.23.143.224/27
S20 = 193.23.143.70/31
S21 = 193.23.143.80/28
S22 = 194.247.30.108/30
S23 = 194.247.30.160/30
S24 = 194.247.31.16/29
S25 = 194.247.31.8/30
S26 = 194.247.31.80/29
S27 = 31.186.174.32/29
S28 = 31.186.174.44/30
S29 = 31.186.174.80/28
S30 = 37.1.200.0/27
S31 = 37.1.201.8/29
S32 = 37.49.228.128/28
S33 = 46.243.152.0/23
S34 = 46.249.36.32/29
S35 = 46.249.36.40/29
S36 = 46.249.36.48/30
S37 = 46.249.38.15/32
S38 = 46.249.38.32/27
S39 = 46.249.47.16/29
S40 = 46.249.55.192/31
S41 = 46.249.63.240/28
S42 = 5.178.67.0/29
S43 = 5.178.67.26/31
S44 = 5.255.64.192/27
S45 = 5.255.66.224/28
S46 = 5.255.80.0/28
S47 = 5.255.82.0/26
S48 = 5.255.95.96/29
S49 = 5.45.66.0/28
S50 = 5.45.70.0/29
S51 = 5.45.70.8/30
S52 = 91.195.81.96/28
S53 = 91.198.106.128/28
S54 = 91.198.106.144/28
S55 = 91.198.106.16/30
S56 = 91.198.106.160/27
S57 = 91.198.106.232/30
S58 = 91.198.106.36/30
S59 = 91.198.106.64/26
S60 = 91.221.69.128/26
S61 = 93.158.201.176/29
S62 = 93.158.217.144/30
S63 = 93.158.222.68/30

--- Degree analysis ---
New figure saved in AS50673_16-03-2020_bip_degree_CDFs.pdf
New figure saved in AS50673_16-03-2020_bip_top_local_density.pdf
Maximum top (neighborhood) degree: 592
Maximum bottom (subnet) degree: 592

--- Base cycles ---
New figure saved in AS50673_16-03-2020_bip_cycles.pdf
N25, T7, N63, T28, N66, T30, N72, T8
N63, S19, N72, T30, N66, T28
N63, S21, N72, T30, N66, T28
N63, S22, N72, T30, N66, T28
N63, S23, N72, T30, N66, T28
N63, T26, N64, T29, N72, T30, N66, T28
