--- About the graph ---
Total of vertices (all kinds): 259
Hypothetic vertices: 56 / 259 (21.621622%)
Subnet vertices: 121 / 259 (46.718147%)
Known subnet vertices: 65 / 121 (53.719008%)

--- Subnet mappings ---
S1 = 185.8.179.32/28
S2 = 5.178.67.24/31
S3 = 37.49.228.128/25
S4 = 46.249.63.240/28
S5 = 93.158.217.96/31
S6 = 178.21.16.74/31
S7 = 185.53.161.186/31
S8 = 185.53.163.40/31
S9 = 185.8.177.32/31
S10 = 46.249.55.192/31
S11 = 5.45.66.0/28
S12 = 5.45.70.0/29
S13 = 5.45.70.8/30
S14 = 37.1.200.2/31
S15 = 37.1.200.4/30
S16 = 37.1.201.8/29
S17 = 5.255.64.192/27
S18 = 5.255.66.224/28
S19 = 5.255.82.0/26
S20 = 46.249.35.16/28
S21 = 46.249.36.40/29
S22 = 46.249.36.48/30
S23 = 91.195.81.106/31
S24 = 93.158.201.176/29
S25 = 93.158.217.144/30
S26 = 93.158.222.68/30
S27 = 185.12.13.64/27
S28 = 5.178.67.0/29
S29 = 5.255.80.0/28
S30 = 31.186.174.32/29
S31 = 31.186.174.44/30
S32 = 31.186.174.80/28
S33 = 46.249.36.36/30
S34 = 46.249.47.20/31
S35 = 146.185.253.0/28
S36 = 5.255.95.96/29
S37 = 178.21.17.160/28
S38 = 185.8.176.16/28
S39 = 185.53.160.128/28
S40 = 185.53.162.224/27
S41 = 185.116.166.0/27
S42 = 91.221.69.128/26
S43 = 103.196.240.0/28
S44 = 46.243.152.0/23
S45 = 46.243.155.160/28
S46 = 188.120.33.0/25
S47 = 188.120.34.0/24
S48 = 188.120.35.128/28
S49 = 91.198.106.16/30
S50 = 91.198.106.36/30
S51 = 91.198.106.64/26
S52 = 91.198.106.128/28
S53 = 91.198.106.144/28
S54 = 91.198.106.160/27
S55 = 91.198.106.232/30
S56 = 193.23.143.70/31
S57 = 193.23.143.80/28
S58 = 193.23.143.200/29
S59 = 193.23.143.224/27
S60 = 194.247.30.108/30
S61 = 194.247.30.160/30
S62 = 194.247.31.8/30
S63 = 194.247.31.16/29
S64 = 194.247.31.80/29
S65 = 46.249.38.160/27

--- Top (neighborhood) degrees ---
Degree 1: N1, N107, N110, N13, N7, N81, N83, N9
Degree 2: 33 neighborhoods
Degree 3: 18 neighborhoods
Degree 4: N114, N121, N23, N25, N29, N77
Degree 5: N108, N131, N22, N28, N38, N6, N93
Degree 6: N11, N134, N91
Degree 7: N119, N135, N139, N54
Degree 8: N101, N105, N2, N73, N82, N97
Degree 9: N3, N53, N67
Degree 10: N17, N87, N88, N92, N96, N98
Degree 11: N14, N141, N24, N89
Degree 12: N144, N76
Degree 13: N104, N130, N140, N145
Degree 14: N125, N129, N75, N90
Degree 15: N142
Degree 17: N137, N146
Degree 18: N111, N136, N138
Degree 20: N49
Degree 21: N126, N55
Degree 22: N78
Degree 24: N69
Degree 26: N61
Degree 27: N47
Degree 28: N51
Degree 32: N127, N46
Degree 33: N113
Degree 36: N65
Degree 37: N57
Degree 41: N42
Degree 42: N124
Degree 46: N60, N64
Degree 54: N66
Degree 55: N56
Degree 58: N63
Degree 61: N48
Degree 63: N52
Degree 65: N43
Degree 67: N58
Degree 83: N50
Degree 90: N44
Degree 95: N59
Degree 96: N62
Degree 98: N45
Degree 112: N41
Degree 141: N20
Degree 181: N21
Degree 218: N40
Degree 383: N109
Degree 387: N99
Degree 805: N84
Degree 823: N68

--- Bottom (subnet) degrees ---
Degree 1: 4830 subnets
Degree 2: 33 subnets
Degree 3: 24 subnets
Degree 4: 37.1.200.2/31, 46.249.36.40/29, 46.249.36.48/30 (sound), 146.185.253.0/28, 91.198.106.64/26
Degree 5: 185.8.179.32/28 (sound), 5.255.80.0/28
Degree 6: 91.198.106.160/27

--- Base cycles ---
N124, S51, N127, S52
N124, S54, N135, S58
N124, S54, N136, S61
N124, S55, N138, S56 (B)
N124, S55, N142, S59
N124, S62, N146, S63
N20, T7, N99, S36, N109, T8
N20, T7, N99, S37, N109, T8
N20, T7, N99, S38, N109, T8
N20, T7, N99, S40, N109, T8
N20, T7, N99, S41, N109, T8
N20, T7, N99, T29, N100, T32, N109, T8
N20, T7, N99, T30, N101, T33, N109, T8
N20, T7, N99, T31, N102, T34, N109, T8
N40, S11, N42, S13
N40, T9, N41, S14 (B)
N75, S21, N84, S22
N78, S23 (B), N84, S33
N84, S30, N91, S32
