--- About the graph ---
Total of vertices (all kinds): 273
Hypothetic vertices: 59 / 273 (21.611722%)
Subnet vertices: 128 / 273 (46.886447%)
Known subnet vertices: 69 / 128 (53.906250%)

--- Subnet mappings ---
S1 = 103.196.240.0/28
S2 = 146.185.253.0/28
S3 = 178.21.16.74/31
S4 = 178.21.17.168/29
S5 = 185.116.166.0/27
S6 = 185.12.13.64/27
S7 = 185.53.161.186/31
S8 = 185.53.162.224/29
S9 = 185.53.163.40/31
S10 = 185.53.163.42/31
S11 = 185.8.176.16/28
S12 = 185.8.177.32/31
S13 = 185.8.179.32/30
S14 = 185.8.179.36/31
S15 = 188.120.33.0/25
S16 = 188.120.35.136/29
S17 = 193.23.143.192/28
S18 = 193.23.143.244/31
S19 = 193.23.143.70/31
S20 = 193.23.143.90/31
S21 = 194.247.30.108/30
S22 = 194.247.30.160/30
S23 = 194.247.31.20/30
S24 = 194.247.31.8/30
S25 = 194.247.31.80/30
S26 = 31.186.174.32/29
S27 = 31.186.174.44/30
S28 = 31.186.174.80/28
S29 = 37.1.200.0/27
S30 = 37.1.201.8/29
S31 = 46.243.152.0/23
S32 = 46.243.155.128/26
S33 = 46.249.36.32/29
S34 = 46.249.36.40/29
S35 = 46.249.36.48/30
S36 = 46.249.38.0/26
S37 = 46.249.38.160/27
S38 = 46.249.47.16/29
S39 = 46.249.55.192/31
S40 = 46.249.63.192/26
S41 = 5.178.67.0/29
S42 = 5.178.67.24/31
S43 = 5.255.64.192/27
S44 = 5.255.66.232/29
S45 = 5.255.80.0/28
S46 = 5.255.82.0/26
S47 = 5.255.95.100/31
S48 = 5.45.66.0/29
S49 = 5.45.70.0/29
S50 = 5.45.70.8/30
S51 = 91.195.81.96/28
S52 = 91.198.106.128/28
S53 = 91.198.106.144/32
S54 = 91.198.106.148/30
S55 = 91.198.106.178/32
S56 = 91.198.106.179/32
S57 = 91.198.106.18/31
S58 = 91.198.106.184/32
S59 = 91.198.106.185/32
S60 = 91.198.106.186/31
S61 = 91.198.106.232/30
S62 = 91.198.106.36/30
S63 = 91.198.106.80/29
S64 = 91.198.106.92/31
S65 = 91.198.106.94/31
S66 = 91.221.69.128/26
S67 = 93.158.201.176/29
S68 = 93.158.217.144/30
S69 = 93.158.222.68/30

--- Degree analysis ---
New figure saved in AS50673_19-03-2020_bip_degree_CDFs.pdf
New figure saved in AS50673_19-03-2020_bip_top_local_density.pdf
Maximum top (neighborhood) degree: 634
Maximum bottom (subnet) degree: 634

--- Base cycles ---
New figure saved in AS50673_19-03-2020_bip_cycles.pdf
N133, S47, N161, S61
N133, S48, N161, S61
N133, S49, N161, S61
N133, S50, N161, S61
N133, S51, N161, S61
N133, S52, N161, S61
N133, S53, N154, S61
N133, S54, N161, S61
N133, S55, N161, S61
N133, S56, N161, S61
N133, S57, N161, S61
N133, S58, N161, S61
N133, S59, N161, S61
N133, S60, N161, S61
N133, S61, N161, S62
N133, S61, N161, S63
N133, S61, N161, S64
N133, S61, N161, S65
N154, S47, N161, S61
N154, S48, N161, S61
N154, S49, N161, S61
N154, S50, N161, S61
N154, S51, N161, S61
N154, S52, N161, S61
N154, S55, N161, S61
N154, S56, N161, S61
N154, S57, N161, S61
N154, S58, N161, S61
N154, S59, N161, S61
N154, S60, N161, S61
N154, S61, N161, S63
N154, S61, N161, S64
N154, S61, N161, S65
N154, S61, N161, S67
N154, S61, N161, S68
N154, S61, N161, S69
N22, T6, N96, S29, N115, T8
N96, S29, N115, S30
N96, S29, N115, S31
N96, S29, N115, S32
N96, S29, N115, S33
N96, S29, N115, T34, N98, T29
N96, S29, N115, T35, N99, T30
