--- About the graph ---
Total of vertices (all kinds): 252
Hypothetic vertices: 69 / 252 (27.380952%)
Subnet vertices: 126 / 252 (50.000000%)
Known subnet vertices: 57 / 126 (45.238095%)

--- Subnet mappings ---
S1 = 134.222.48.232/31
S2 = 134.222.119.0/26
S3 = 134.222.48.222/31
S4 = 134.222.48.246/31
S5 = 134.222.48.192/31
S6 = 134.222.95.68/30
S7 = 134.222.95.128/25
S8 = 134.222.129.196/30
S9 = 134.222.101.14/31
S10 = 134.222.109.80/28
S11 = 134.222.146.254/31
S12 = 134.222.112.32/28
S13 = 134.222.116.194/31
S14 = 134.222.117.38/31
S15 = 134.222.117.130/31
S16 = 134.222.117.188/31
S17 = 134.222.117.4/31
S18 = 134.222.117.36/31
S19 = 134.222.117.128/31
S20 = 134.222.134.194/31
S21 = 134.222.128.8/30
S22 = 134.222.148.140/31
S23 = 134.222.48.14/31
S24 = 134.222.48.244/31
S25 = 134.222.48.204/30
S26 = 134.222.49.56/31
S27 = 134.222.48.212/31
S28 = 134.222.96.250/31
S29 = 134.222.152.100/31
S30 = 134.222.49.86/31
S31 = 134.222.160.0/21
S32 = 134.222.94.212/30
S33 = 134.222.94.240/31
S34 = 194.122.122.60/30
S35 = 194.122.122.68/30
S36 = 134.222.48.122/31
S37 = 134.222.48.200/31
S38 = 134.222.48.194/31
S39 = 134.222.138.144/28
S40 = 134.222.139.64/26
S41 = 134.222.153.70/31
S42 = 194.122.122.96/30
S43 = 134.222.48.230/31
S44 = 134.222.96.192/27
S45 = 134.222.153.248/31
S46 = 134.222.153.252/31
S47 = 134.222.155.238/31
S48 = 134.222.48.216/31
S49 = 134.222.49.108/31
S50 = 134.222.49.48/31
S51 = 134.222.236.0/29
S52 = 194.122.122.108/30
S53 = 194.122.122.112/30
S54 = 134.222.48.68/31
S55 = 134.222.105.196/30
S56 = 194.122.122.132/30
S57 = 134.222.48.112/31

--- Top (neighborhood) degrees ---
Degree 1: N1, N10, N12, N2, N5, N6, N8, N9
Degree 2: 55 neighborhoods
Degree 3: 18 neighborhoods
Degree 4: N100, N111, N125, N14, N27, N78, N88
Degree 5: N107, N127, N133, N16, N24, N29, N32, N49, N65, N94
Degree 6: N129, N18, N20, N61, N90, N98
Degree 7: N102, N11, N19, N53, N60
Degree 8: N134, N138, N4, N64, N76
Degree 9: N80
Degree 10: N136
Degree 11: N96
Degree 12: N87
Degree 13: N137, N51, N97
Degree 16: N36, N46, N54, N71
Degree 17: N66, N83
Degree 20: N38
Degree 22: N42
Degree 23: N43
Degree 27: N116
Degree 37: N128
Degree 39: N55
Degree 46: N81
Degree 49: N110
Degree 50: N108
Degree 54: N130
Degree 79: N13

--- Bottom (subnet) degrees ---
Degree 1: 722 subnets
Degree 2: 46 subnets
Degree 3: 134.222.48.232/31, 134.222.109.80/28 (sound), 134.222.48.14/31, 134.222.48.204/30, 134.222.48.194/31, 134.222.138.144/28 (sound), 134.222.139.64/26, 134.222.153.70/31, 134.222.96.192/27, 134.222.95.128/25 (sound)
Degree 4: 134.222.48.222/31

--- Base cycles ---
N13, S1 (B), N108, S42, N107, T36
N13, S1 (B), N42, S3 (B), N80, T33
N13, T25, N51, S7, N80, T33
N13, T27, N60, S10, N96, T35
N13, T33, N80, S23 (B), N108, S42, N107, T36
N13, T33, N80, S3 (B), N110, S43, N108, S42, N107, T36
N13, T33, N80, S3 (B), N110, S44, N108, S42, N107, T36
N81, S26, N87, S38 (B), N100, S36, N97, S37
