--- About the graph ---
Total of vertices (all kinds): 289
Hypothetic vertices: 45 / 289 (15.570934%)
Subnet vertices: 138 / 289 (47.750865%)
Known subnet vertices: 93 / 138 (67.391304%)

--- Subnet mappings ---
S1 = 64.94.189.192/26
S2 = 74.201.136.64/30
S3 = 74.201.137.64/30
S4 = 75.98.32.8/31
S5 = 75.98.32.10/31
S6 = 75.98.33.0/26
S7 = 75.98.33.174/31
S8 = 216.52.95.0/26
S9 = 64.74.240.208/28
S10 = 64.94.190.232/30
S11 = 74.201.208.56/30
S12 = 74.201.254.240/30
S13 = 74.217.160.0/26
S14 = 216.52.93.92/30
S15 = 74.201.138.0/30
S16 = 64.74.242.92/30
S17 = 75.98.62.224/30
S18 = 74.201.252.0/30
S19 = 64.94.177.68/30
S20 = 74.201.138.80/30
S21 = 64.74.242.108/30
S22 = 70.42.41.24/30
S23 = 70.42.45.120/30
S24 = 74.201.153.128/29
S25 = 74.201.248.64/27
S26 = 74.201.254.48/29
S27 = 74.201.254.108/30
S28 = 74.217.49.168/30
S29 = 74.217.49.176/30
S30 = 74.217.49.224/29
S31 = 74.217.50.24/30
S32 = 74.201.152.96/30
S33 = 74.201.254.84/30
S34 = 74.201.254.80/30
S35 = 74.217.51.24/30
S36 = 75.98.40.40/29
S37 = 64.74.254.16/30
S38 = 64.74.254.32/30
S39 = 64.74.254.36/30
S40 = 64.74.254.64/29
S41 = 64.74.252.192/26
S42 = 74.201.129.180/30
S43 = 74.201.129.248/30
S44 = 63.251.20.248/29
S45 = 64.74.245.12/30
S46 = 74.201.131.192/31
S47 = 74.201.138.16/30
S48 = 74.201.150.224/29
S49 = 75.98.56.0/26
S50 = 104.153.107.128/25
S51 = 74.201.136.8/30
S52 = 64.74.240.192/30
S53 = 74.201.136.16/30
S54 = 64.94.172.120/30
S55 = 64.74.240.224/30
S56 = 64.74.245.240/29
S57 = 64.94.177.0/30
S58 = 64.94.177.16/30
S59 = 64.95.46.176/30
S60 = 64.95.46.180/30
S61 = 70.42.41.248/29
S62 = 70.42.45.20/30
S63 = 74.201.139.204/30
S64 = 74.201.179.40/30
S65 = 74.201.195.88/30
S66 = 74.217.50.16/29
S67 = 64.94.185.0/25
S68 = 74.201.136.92/30
S69 = 74.201.136.200/30
S70 = 74.201.254.252/30
S71 = 74.217.54.96/29
S72 = 64.74.245.60/30
S73 = 64.74.244.36/30
S74 = 70.42.74.248/29
S75 = 74.201.138.20/30
S76 = 162.248.95.240/28
S77 = 74.201.136.12/30
S78 = 74.201.136.20/30
S79 = 64.74.240.240/30
S80 = 63.251.17.48/30
S81 = 64.74.240.232/30
S82 = 64.94.177.8/30
S83 = 74.201.132.196/30
S84 = 74.217.51.8/29
S85 = 70.42.47.32/30
S86 = 74.201.164.140/30
S87 = 74.201.253.52/30
S88 = 70.42.39.144/29
S89 = 74.201.138.84/30
S90 = 74.217.49.236/30
S91 = 75.98.62.228/30
S92 = 74.201.138.4/30
S93 = 64.74.245.20/30

--- Top (neighborhood) degrees ---
Degree 1: 99 neighborhoods
Degree 2: 75 neighborhoods
Degree 3: 17 neighborhoods
Degree 4: 27 neighborhoods
Degree 5: N108, N143, N228
Degree 6: N132, N159, N168, N175
Degree 7: N141, N144, N146, N215, N248
Degree 8: N135, N190, N216, N251
Degree 9: N180
Degree 10: N158, N183, N230
Degree 13: N192
Degree 14: N133
Degree 17: N137, N249
Degree 21: N134
Degree 22: N138, N139
Degree 25: N242, N263
Degree 33: N148
Degree 40: N173
Degree 42: N253
Degree 43: N259
Degree 51: N225, N237
Degree 59: N209
Degree 60: N149
Degree 64: N157
Degree 67: N199
Degree 77: N126
Degree 123: N19
Degree 131: N127, N128
Degree 189: N238
Degree 208: N208, N241
Degree 215: N202

--- Bottom (subnet) degrees ---
Degree 1: 2228 subnets
Degree 2: 79 subnets
Degree 3: 13 subnets
Degree 6: 216.52.95.0/26 (sound)

--- Base cycles ---
N132, S4 (B), N133, S6
N132, S4 (B), N135, S6
N148, S8, N149, S13
N148, S8, N149, S9
N149, S8, N259, S92, N263, S25, N157, S15
N202, S44, N237, S74
N208, S50, N237, S76
