--- About the graph ---
Total of vertices (all kinds): 281
Hypothetic vertices: 52 / 281 (18.505338%)
Subnet vertices: 133 / 281 (47.330961%)
Known subnet vertices: 81 / 133 (60.902256%)

--- Subnet mappings ---
S1 = 216.52.95.0/26
S2 = 64.74.245.12/30
S3 = 74.201.131.192/30
S4 = 74.201.138.16/30
S5 = 74.201.150.224/29
S6 = 162.248.95.240/28
S7 = 74.201.136.16/30
S8 = 64.74.240.192/29
S9 = 74.201.136.8/30
S10 = 74.201.164.148/30
S11 = 74.201.136.64/30
S12 = 64.94.185.0/25
S13 = 74.201.136.92/30
S14 = 74.201.136.200/30
S15 = 74.201.254.252/30
S16 = 74.217.54.96/29
S17 = 64.74.240.224/30
S18 = 64.74.243.196/31
S19 = 64.74.245.244/30
S20 = 64.94.177.0/30
S21 = 64.94.177.16/30
S22 = 64.95.46.176/30
S23 = 64.95.46.180/30
S24 = 70.42.41.248/29
S25 = 74.201.138.72/29
S26 = 74.201.139.204/30
S27 = 74.201.164.8/30
S28 = 74.201.179.40/30
S29 = 74.201.195.88/30
S30 = 74.201.198.16/30
S31 = 74.201.254.48/28
S32 = 74.217.50.16/29
S33 = 74.217.55.160/30
S34 = 74.201.137.64/30
S35 = 64.74.240.208/29
S36 = 64.94.190.232/30
S37 = 74.201.254.64/28
S38 = 74.201.254.240/30
S39 = 216.52.93.92/30
S40 = 74.201.138.0/30
S41 = 75.98.62.224/30
S42 = 74.201.138.80/30
S43 = 64.94.177.68/30
S44 = 64.74.242.92/30
S45 = 64.74.242.108/30
S46 = 70.42.41.24/30
S47 = 70.42.45.120/30
S48 = 74.201.254.108/30
S49 = 74.217.49.132/30
S50 = 74.217.49.168/30
S51 = 74.217.49.176/30
S52 = 74.217.50.24/30
S53 = 74.201.152.96/30
S54 = 74.201.254.84/30
S55 = 74.201.254.80/30
S56 = 74.217.51.24/30
S57 = 75.98.40.40/29
S58 = 74.201.129.180/30
S59 = 74.201.129.248/30
S60 = 64.74.252.192/26
S61 = 64.74.254.68/30
S62 = 64.94.177.196/30
S63 = 70.42.39.148/30
S64 = 74.201.138.20/30
S65 = 104.153.107.128/25
S66 = 74.201.136.20/30
S67 = 74.201.136.12/30
S68 = 70.42.47.32/30
S69 = 63.251.17.48/30
S70 = 64.74.240.232/30
S71 = 64.94.177.8/30
S72 = 74.201.164.152/30
S73 = 74.217.51.8/29
S74 = 74.201.138.36/30
S75 = 74.201.138.84/30
S76 = 75.98.62.228/30
S77 = 74.217.49.236/30
S78 = 74.201.138.4/30
S79 = 74.201.136.72/30
S80 = 74.201.254.96/29
S81 = 64.94.189.128/25

--- Top (neighborhood) degrees ---
Degree 1: 94 neighborhoods
Degree 2: 67 neighborhoods
Degree 3: 19 neighborhoods
Degree 4: 21 neighborhoods
Degree 5: N152, N177, N181, N188, N235
Degree 6: N125, N145, N173, N213, N238
Degree 8: N151, N16
Degree 9: N186, N194, N214
Degree 10: N239
Degree 11: N241
Degree 13: N138
Degree 14: N137
Degree 15: N113
Degree 16: N237, N246
Degree 19: N249
Degree 21: N244, N248
Degree 23: N149, N221, N253
Degree 25: N19
Degree 26: N206
Degree 27: N150
Degree 30: N208
Degree 31: N245
Degree 33: N197
Degree 35: N111
Degree 37: N176, N203
Degree 40: N120, N215
Degree 46: N240
Degree 47: N242
Degree 52: N5
Degree 56: N95, N96
Degree 57: N158
Degree 59: N165
Degree 64: N153
Degree 66: N112
Degree 69: N130
Degree 131: N154
Degree 135: N155
Degree 250: N119
Degree 271: N205

--- Bottom (subnet) degrees ---
Degree 1: 2133 subnets
Degree 2: 71 subnets
Degree 3: 64.94.185.0/25, 64.95.46.180/30 (sound), 74.201.131.192/30 (sound), 74.201.254.48/28, 64.74.240.208/29, 74.201.254.64/28 (sound), 162.248.95.240/28 (sound), 104.153.107.128/25, 74.201.254.96/29
Degree 6: 216.52.95.0/26 (sound)

--- Base cycles ---
N111, S1, N158, S35
N112, S1, N203, S67, N208, S23, N130, S9
N112, S3, N203, S67, N208, S23, N130, S9
N112, S6, N205, S65
N112, S7, N120, T5, N121, T19, N206, S66, N203, S67, N208, S23, N130, S9
N112, S9, N130, S23, N208, S67, N203, S65
N112, S9, N130, S31
N120, T5, N121, T19, N206, S12
N120, T5, N121, T19, N206, S66, N203, S1, N158, S37
N158, S1, N215, S80, N221, T22, N170, T12, N165, S40
N215, S78, N221, S80
