--- About the graph ---
Total of vertices (all kinds): 309
Hypothetic vertices: 78 / 309 (25.242718%)
Subnet vertices: 153 / 309 (49.514563%)
Known subnet vertices: 75 / 153 (49.019608%)

--- Subnet mappings ---
S1 = 194.122.122.112/31
S2 = 194.122.122.68/31
S3 = 134.222.48.232/31
S4 = 134.222.48.68/31
S5 = 134.222.105.196/30
S6 = 134.222.48.114/31
S7 = 134.222.48.122/31
S8 = 134.222.48.200/31
S9 = 134.222.48.106/31
S10 = 134.222.117.224/31
S11 = 134.222.48.120/31
S12 = 134.222.48.194/31
S13 = 134.222.116.194/31
S14 = 134.222.117.38/31
S15 = 134.222.117.130/31
S16 = 134.222.117.188/31
S17 = 134.222.138.0/23
S18 = 134.222.48.178/31
S19 = 134.222.48.224/31
S20 = 134.222.153.70/31
S21 = 134.222.49.56/31
S22 = 134.222.48.206/31
S23 = 134.222.96.250/31
S24 = 134.222.152.100/31
S25 = 134.222.109.82/31
S26 = 134.222.146.254/31
S27 = 194.122.122.16/31
S28 = 134.222.48.246/31
S29 = 134.222.48.192/31
S30 = 134.222.95.64/27
S31 = 134.222.95.160/29
S32 = 134.222.129.196/31
S33 = 134.222.101.14/31
S34 = 134.222.112.36/31
S35 = 134.222.116.224/31
S36 = 134.222.117.4/31
S37 = 134.222.117.70/31
S38 = 134.222.117.128/31
S39 = 134.222.134.194/31
S40 = 134.222.128.8/30
S41 = 134.222.148.140/31
S42 = 134.222.48.222/31
S43 = 194.122.122.156/30
S44 = 134.222.48.244/31
S45 = 134.222.48.212/31
S46 = 134.222.94.214/31
S47 = 134.222.94.240/31
S48 = 194.122.122.24/31
S49 = 134.222.117.132/31
S50 = 134.222.134.152/31
S51 = 134.222.49.86/31
S52 = 134.222.160.0/21
S53 = 194.122.122.40/31
S54 = 134.222.48.156/31
S55 = 134.222.48.174/31
S56 = 134.222.48.158/31
S57 = 194.122.122.44/31
S58 = 134.222.119.24/31
S59 = 194.122.122.60/31
S60 = 194.122.122.80/31
S61 = 194.122.122.96/31
S62 = 134.222.48.230/31
S63 = 134.222.128.124/30
S64 = 134.222.153.248/31
S65 = 134.222.153.252/31
S66 = 134.222.155.238/31
S67 = 134.222.48.216/31
S68 = 134.222.49.108/31
S69 = 134.222.49.48/31
S70 = 134.222.236.0/29
S71 = 194.122.122.100/31
S72 = 134.222.48.14/31
S73 = 194.122.122.132/31
S74 = 194.122.122.140/31
S75 = 194.122.122.144/31

--- Top (neighborhood) degrees ---
Degree 1: N13, N4, N5, N8, N9
Degree 2: 68 neighborhoods
Degree 3: 21 neighborhoods
Degree 4: N107, N16, N161, N168, N169, N48, N79, N83, N95, N98
Degree 5: 11 neighborhoods
Degree 6: N10, N112, N121, N23, N42
Degree 7: N125, N167, N56, N71, N97
Degree 8: N116, N2, N47, N70
Degree 9: N105, N12, N120, N128, N41
Degree 10: N131, N138, N139, N165, N87
Degree 11: N109, N140, N51
Degree 12: N166
Degree 13: N35, N80, N85
Degree 14: N34
Degree 15: N130, N137
Degree 18: N66, N99
Degree 19: N1
Degree 20: N88, N90
Degree 21: N126
Degree 22: N117, N46, N74
Degree 23: N132
Degree 25: N110
Degree 27: N89
Degree 28: N151
Degree 29: N75
Degree 30: N64
Degree 35: N32
Degree 51: N37
Degree 56: N144
Degree 64: N141
Degree 128: N14

--- Bottom (subnet) degrees ---
Degree 1: 963 subnets
Degree 2: 50 subnets
Degree 3: 22 subnets
Degree 4: 134.222.48.120/31, 134.222.138.0/23 (sound), 134.222.160.0/21

--- Base cycles ---
N128, S54 (B), N132, S55 (B)
N14, S1 (B), N35, T18
N14, S1 (B), N37, S56 (B), N129, S55 (B), N132, S57, N131, T30
N14, S2 (B), N137, T32
N14, S2 (B), N46, S8, N64, S72 (B), N164, S71, N163, T35
N14, S3 (B), N141, S72 (B), N164, S71, N163, T35
N14, T20, N83, S30, N64, S72 (B), N164, S71, N163, T35
N14, T29, N125, S53, N126, S54 (B), N132, S57, N131, T30
N14, T34, N140, S61, N141, S72 (B), N164, S71, N163, T35
N49, S10 (B), N120, S51 (B), N65, S12 (B)
N49, S11 (B), N120, S51 (B), N65, S12 (B)
N51, S11 (B), N117, S13 (B)
N51, S11 (B), N117, S14 (B)
N51, S11 (B), N117, S15 (B)
N51, S11 (B), N117, S16 (B)
N59, S18 (B), N75, S19 (B)
N62, S19 (B), N75, S27, N74, S20 (B)
N64, S21 (B), N110, S43
N64, S22 (B), N110, S43
