--- About the graph ---
Total of vertices (all kinds): 275
Hypothetic vertices: 49 / 275 (17.818182%)
Subnet vertices: 128 / 275 (46.545455%)
Known subnet vertices: 79 / 128 (61.718750%)

--- Subnet mappings ---
S1 = 216.52.95.0/26
S2 = 64.74.245.12/30
S3 = 74.201.131.192/31
S4 = 74.201.138.16/30
S5 = 74.201.150.224/29
S6 = 162.248.95.240/28
S7 = 74.201.136.8/30
S8 = 74.201.136.16/30
S9 = 64.74.240.192/29
S10 = 74.201.164.148/30
S11 = 74.201.136.64/30
S12 = 64.74.240.224/30
S13 = 64.74.245.244/30
S14 = 64.94.177.0/30
S15 = 64.94.177.16/30
S16 = 64.95.46.176/30
S17 = 64.95.46.180/30
S18 = 70.42.41.248/29
S19 = 74.201.139.204/30
S20 = 74.201.152.118/31
S21 = 74.201.164.8/30
S22 = 74.201.179.40/30
S23 = 74.201.195.88/30
S24 = 74.201.198.16/30
S25 = 74.201.254.48/30
S26 = 74.217.50.16/29
S27 = 74.217.55.160/30
S28 = 64.74.243.196/30
S29 = 74.201.136.92/30
S30 = 74.201.136.200/30
S31 = 74.201.254.252/30
S32 = 74.217.54.96/29
S33 = 74.201.137.64/30
S34 = 64.94.177.196/30
S35 = 70.42.39.144/29
S36 = 64.74.240.208/29
S37 = 64.94.190.232/30
S38 = 74.201.138.32/30
S39 = 74.201.138.48/30
S40 = 74.201.254.64/28
S41 = 74.201.254.240/30
S42 = 74.201.138.0/30
S43 = 75.98.62.224/30
S44 = 74.201.138.80/30
S45 = 64.94.177.68/30
S46 = 64.74.242.92/30
S47 = 70.42.41.24/30
S48 = 70.42.45.120/30
S49 = 74.201.254.108/30
S50 = 74.217.49.168/30
S51 = 74.217.49.176/30
S52 = 74.217.50.24/30
S53 = 74.201.152.96/30
S54 = 74.201.254.80/30
S55 = 74.217.51.24/30
S56 = 75.98.40.40/29
S57 = 74.201.129.180/30
S58 = 74.201.129.248/30
S59 = 64.74.252.192/26
S60 = 64.74.254.68/30
S61 = 74.201.138.20/30
S62 = 104.153.107.0/24
S63 = 74.201.136.20/30
S64 = 74.201.136.12/30
S65 = 70.42.47.32/30
S66 = 63.251.17.48/30
S67 = 64.74.240.232/30
S68 = 64.94.177.8/30
S69 = 74.201.164.152/30
S70 = 74.217.51.8/29
S71 = 74.201.138.36/30
S72 = 74.201.138.52/30
S73 = 74.217.49.236/30
S74 = 74.201.138.4/30
S75 = 74.201.138.84/30
S76 = 74.201.136.72/30
S77 = 74.201.254.96/29
S78 = 70.42.41.48/30
S79 = 64.94.189.128/25

--- Top (neighborhood) degrees ---
Degree 1: 110 neighborhoods
Degree 2: 65 neighborhoods
Degree 3: 24 neighborhoods
Degree 4: 14 neighborhoods
Degree 5: N122, N194, N210
Degree 6: N158, N190, N202, N224
Degree 7: N125, N149, N200
Degree 8: N13, N165, N235
Degree 9: N124, N208, N225, N267
Degree 10: N123
Degree 14: N248, N250
Degree 15: N142, N255, N265
Degree 17: N129
Degree 18: N253
Degree 19: N141
Degree 20: N263
Degree 21: N164, N237
Degree 22: N163
Degree 23: N217, N231
Degree 29: N172, N254
Degree 38: N126, N193
Degree 39: N219, N226
Degree 40: N213
Degree 42: N153
Degree 45: N249
Degree 46: N251
Degree 51: N185
Degree 54: N177
Degree 60: N167
Degree 69: N108
Degree 74: N107, N128
Degree 75: N17
Degree 77: N135
Degree 125: N168
Degree 126: N169
Degree 246: N134
Degree 257: N216

--- Bottom (subnet) degrees ---
Degree 1: 2160 subnets
Degree 2: 71 subnets
Degree 3: 64.95.46.180/30 (sound), 74.201.152.118/31, 74.201.131.192/31, 64.74.240.208/29, 74.201.254.64/28 (sound), 162.248.95.240/28 (sound), 74.201.254.96/29
Degree 7: 216.52.95.0/26 (sound)

--- Base cycles ---
N126, S1, N177, S36
N128, S1, N213, S62, N216, S6
N128, S3 (B), N213, S62, N216, S6
N128, S6, N216, S62, N213, S63, N217, T15, N154, T4, N153, S8
N128, S6, N216, S62, N213, S64, N219, S20 (B), N135, S7
N135, S17, N219, S20 (B)
N153, T4, N154, T15, N217, S63, N213, S1, N177, S40
N226, S74, N231, S77
