--- About the graph ---
Total of vertices (all kinds): 286
Hypothetic vertices: 48 / 286 (16.783217%)
Subnet vertices: 135 / 286 (47.202797%)
Known subnet vertices: 87 / 135 (64.444444%)

--- Subnet mappings ---
S1 = 64.94.189.192/26
S2 = 64.74.252.0/23
S3 = 216.52.95.0/26
S4 = 64.74.240.208/28
S5 = 64.94.190.232/30
S6 = 74.217.160.0/26
S7 = 216.52.93.92/30
S8 = 74.201.138.0/30
S9 = 64.74.242.92/30
S10 = 75.98.62.224/30
S11 = 74.201.252.0/30
S12 = 74.201.138.80/30
S13 = 64.74.242.108/30
S14 = 70.42.41.24/30
S15 = 70.42.45.120/30
S16 = 74.201.153.128/29
S17 = 74.201.248.64/27
S18 = 74.201.254.48/29
S19 = 74.201.254.108/30
S20 = 74.217.49.168/30
S21 = 74.217.49.176/30
S22 = 74.217.49.224/29
S23 = 74.217.50.24/30
S24 = 74.201.152.96/30
S25 = 74.201.254.84/30
S26 = 74.201.254.80/30
S27 = 74.217.51.24/30
S28 = 75.98.40.40/29
S29 = 64.74.254.16/30
S30 = 64.74.254.32/30
S31 = 64.74.254.36/30
S32 = 64.74.254.64/29
S33 = 74.201.129.180/30
S34 = 74.201.129.248/30
S35 = 74.201.164.140/30
S36 = 74.201.252.196/30
S37 = 74.201.253.52/30
S38 = 70.42.39.144/29
S39 = 63.251.20.248/29
S40 = 64.74.245.12/30
S41 = 74.201.131.192/31
S42 = 74.201.138.16/30
S43 = 74.201.150.224/30
S44 = 75.98.56.0/26
S45 = 104.153.107.128/25
S46 = 74.201.136.8/30
S47 = 64.74.240.192/30
S48 = 74.201.136.16/30
S49 = 74.201.136.64/30
S50 = 64.74.240.224/30
S51 = 64.74.245.240/29
S52 = 64.94.177.0/30
S53 = 64.94.177.16/30
S54 = 64.95.46.176/30
S55 = 64.95.46.180/30
S56 = 70.42.41.248/29
S57 = 74.201.139.204/30
S58 = 74.201.179.40/30
S59 = 74.201.195.88/30
S60 = 74.217.50.16/29
S61 = 64.94.185.0/25
S62 = 74.201.136.92/30
S63 = 74.201.136.200/30
S64 = 74.201.254.252/30
S65 = 74.217.54.96/29
S66 = 64.74.245.60/30
S67 = 64.74.244.36/30
S68 = 74.201.137.64/30
S69 = 70.42.74.248/29
S70 = 74.201.138.20/30
S71 = 162.248.95.240/28
S72 = 74.201.136.12/30
S73 = 74.201.136.20/30
S74 = 63.251.17.48/30
S75 = 64.74.240.232/30
S76 = 64.94.177.8/30
S77 = 74.201.132.196/30
S78 = 74.217.51.8/29
S79 = 70.42.47.32/30
S80 = 74.201.138.84/30
S81 = 75.98.62.228/30
S82 = 74.201.138.4/30
S83 = 64.74.245.20/30
S84 = 75.98.32.8/31
S85 = 75.98.33.40/29
S86 = 75.98.33.174/31
S87 = 75.98.32.11/32

--- Top (neighborhood) degrees ---
Degree 1: 90 neighborhoods
Degree 2: 75 neighborhoods
Degree 3: 25 neighborhoods
Degree 4: 18 neighborhoods
Degree 5: N102, N111, N138, N153, N158, N208, N215
Degree 6: N107, N123, N139, N147, N154, N245, N259
Degree 7: N233, N247
Degree 8: N169
Degree 9: N159, N256
Degree 10: N106, N137, N162, N210
Degree 13: N171
Degree 14: N246
Degree 16: N252
Degree 17: N198, N234
Degree 18: N197
Degree 19: N253, N254
Degree 21: N250
Degree 24: N241
Degree 26: N227
Degree 36: N129
Degree 39: N152
Degree 40: N176
Degree 43: N238
Degree 49: N206
Degree 50: N223
Degree 58: N191
Degree 61: N130
Degree 64: N183
Degree 66: N136
Degree 70: N217
Degree 105: N219
Degree 116: N218
Degree 121: N31
Degree 213: N224
Degree 215: N190
Degree 226: N184
Degree 228: N226

--- Bottom (subnet) degrees ---
Degree 1: 2264 subnets
Degree 2: 76 subnets
Degree 3: 74.201.248.64/27, 64.74.240.208/28, 74.201.131.192/31, 104.153.107.128/25, 74.201.136.64/30 (sound), 64.95.46.180/30 (sound), 74.217.160.0/26, 64.94.185.0/25, 75.98.32.8/31, 75.98.33.40/29 (sound)
Degree 6: 216.52.95.0/26 (sound)

--- Base cycles ---
N129, S3, N130, S6
N129, S4, N130, S6
N130, S3, N238, S82, N241, S17, N136, S8
N183, S3, N223, S41 (B)
N183, S3, N223, S45
N183, S3, N223, S72, N227, S55, N191, S46
N183, S3, N223, S73, N234, S61, N206, S48
N245, S84 (B), N247, S85
