--- About the graph ---
Total of vertices (all kinds): 250
Hypothetic vertices: 67 / 250 (26.800000%)
Subnet vertices: 125 / 250 (50.000000%)
Known subnet vertices: 58 / 125 (46.400000%)

--- Subnet mappings ---
S1 = 134.222.48.232/31
S2 = 134.222.48.222/31
S3 = 134.222.48.246/31
S4 = 134.222.48.192/31
S5 = 134.222.95.68/30
S6 = 134.222.95.128/25
S7 = 134.222.129.196/30
S8 = 134.222.101.14/31
S9 = 134.222.109.80/28
S10 = 134.222.146.254/31
S11 = 134.222.112.32/28
S12 = 134.222.116.194/31
S13 = 134.222.117.38/31
S14 = 134.222.117.130/31
S15 = 134.222.117.188/31
S16 = 134.222.117.4/31
S17 = 134.222.117.36/31
S18 = 134.222.117.128/31
S19 = 134.222.134.194/31
S20 = 134.222.128.8/30
S21 = 134.222.148.140/31
S22 = 134.222.48.14/31
S23 = 134.222.48.244/31
S24 = 134.222.48.206/31
S25 = 134.222.49.56/31
S26 = 134.222.48.212/31
S27 = 134.222.96.250/31
S28 = 134.222.152.100/31
S29 = 134.222.49.86/31
S30 = 134.222.160.0/21
S31 = 134.222.94.212/30
S32 = 134.222.94.240/31
S33 = 194.122.122.44/30
S34 = 134.222.119.24/31
S35 = 194.122.122.60/30
S36 = 194.122.122.68/30
S37 = 134.222.48.122/31
S38 = 134.222.48.200/31
S39 = 134.222.48.194/31
S40 = 134.222.138.144/28
S41 = 134.222.139.64/26
S42 = 134.222.153.70/31
S43 = 194.122.122.96/30
S44 = 134.222.48.230/31
S45 = 134.222.96.192/27
S46 = 134.222.153.248/31
S47 = 134.222.153.252/31
S48 = 134.222.155.238/31
S49 = 134.222.48.216/31
S50 = 134.222.49.108/31
S51 = 134.222.49.48/31
S52 = 134.222.236.0/29
S53 = 194.122.122.108/30
S54 = 194.122.122.112/30
S55 = 134.222.48.68/30
S56 = 134.222.105.196/30
S57 = 194.122.122.132/30
S58 = 134.222.48.112/31

--- Top (neighborhood) degrees ---
Degree 1: N1, N12, N13, N2, N3, N4, N6, N8, N9
Degree 2: 54 neighborhoods
Degree 3: 16 neighborhoods
Degree 4: N100, N11, N111, N125, N17, N28, N74, N78, N84
Degree 5: N107, N127, N19, N26, N30, N33, N45, N61
Degree 6: N129, N21, N23, N5, N56, N57, N86, N90, N93, N98
Degree 7: N102, N133, N22
Degree 8: N138, N49, N60, N72, N76
Degree 9: N134
Degree 10: N136
Degree 11: N95
Degree 12: N51, N83
Degree 13: N137, N47
Degree 14: N50, N96
Degree 16: N42, N67
Degree 17: N62, N79
Degree 19: N35
Degree 23: N38, N91
Degree 24: N39
Degree 27: N116
Degree 37: N128
Degree 48: N77
Degree 49: N110
Degree 52: N108
Degree 55: N130
Degree 77: N15

--- Bottom (subnet) degrees ---
Degree 1: 709 subnets
Degree 2: 48 subnets
Degree 3: 134.222.48.232/31, 134.222.48.14/31, 134.222.48.194/31, 134.222.138.144/28 (sound), 134.222.139.64/26, 134.222.153.70/31, 134.222.96.192/27, 134.222.95.128/25 (sound), 134.222.109.80/28 (sound)
Degree 4: 134.222.48.222/31

--- Base cycles ---
N15, S1 (B), N108, S43, N107, T35
N15, S1 (B), N38, S2 (B), N76, T31
N15, T23, N47, S6, N76, T31
N15, T25, N56, S9, N95, T34
N15, T31, N76, S2 (B), N110, S44, N108, S43, N107, T35
N15, T31, N76, S2 (B), N110, S45, N108, S43, N107, T35
N15, T31, N76, S22 (B), N108, S43, N107, T35
N77, S25, N83, S39 (B), N100, S37, N96, S38
