--- About the graph ---
Total of vertices (all kinds): 261
Hypothetic vertices: 57 / 261 (21.839080%)
Subnet vertices: 119 / 261 (45.593870%)
Known subnet vertices: 62 / 119 (52.100840%)

--- Subnet mappings ---
S1 = 103.196.240.0/28
S2 = 146.185.253.0/28
S3 = 178.21.16.64/27
S4 = 178.21.17.160/28
S5 = 178.21.21.0/26
S6 = 185.116.166.0/27
S7 = 185.12.13.64/27
S8 = 185.53.160.128/28
S9 = 185.53.162.228/32
S10 = 185.53.163.128/29
S11 = 185.53.163.32/28
S12 = 185.8.176.0/27
S13 = 185.8.177.32/27
S14 = 185.8.179.0/25
S15 = 188.120.35.128/26
S16 = 193.23.143.200/30
S17 = 193.23.143.244/31
S18 = 193.23.143.70/31
S19 = 193.23.143.90/31
S20 = 194.247.30.104/29
S21 = 194.247.30.160/30
S22 = 194.247.31.20/30
S23 = 194.247.31.8/31
S24 = 194.247.31.80/30
S25 = 31.186.174.32/30
S26 = 31.186.174.44/30
S27 = 31.186.174.80/28
S28 = 37.1.200.2/31
S29 = 37.1.200.4/30
S30 = 37.1.201.8/30
S31 = 46.243.152.0/23
S32 = 46.249.35.0/27
S33 = 46.249.36.36/30
S34 = 46.249.36.40/30
S35 = 46.249.36.48/31
S36 = 46.249.38.0/26
S37 = 46.249.38.160/27
S38 = 46.249.47.16/29
S39 = 46.249.63.240/28
S40 = 5.178.67.0/29
S41 = 5.178.67.24/29
S42 = 5.255.64.208/28
S43 = 5.255.66.208/29
S44 = 5.255.66.224/27
S45 = 5.255.80.0/28
S46 = 5.255.82.20/30
S47 = 5.255.95.96/27
S48 = 5.45.66.6/31
S49 = 5.45.70.0/29
S50 = 5.45.70.8/30
S51 = 91.195.81.104/29
S52 = 91.198.106.128/28
S53 = 91.198.106.144/28
S54 = 91.198.106.176/28
S55 = 91.198.106.18/31
S56 = 91.198.106.232/31
S57 = 91.198.106.36/30
S58 = 91.198.106.64/27
S59 = 91.221.69.160/27
S60 = 93.158.201.176/29
S61 = 93.158.217.144/30
S62 = 93.158.222.68/30

--- Degree analysis ---
New figure saved in AS50673_14-03-2020_bip_degree_CDFs.pdf
New figure saved in AS50673_14-03-2020_bip_top_local_density.pdf
Maximum top (neighborhood) degree: 548
Maximum bottom (subnet) degree: 548

--- Base cycles ---
New figure saved in AS50673_14-03-2020_bip_cycles.pdf
N132, S47, N156, S59
N132, S48, N156, S59
N132, S49, N156, S59
N132, S50, N156, S59
N132, S51, N156, S59
N132, S52, N156, S59
N132, S53, N156, S59
N132, S54, N156, S59
N132, S55, N156, S59
N132, S56, N156, S59
N132, S57, N156, S59
N132, S58, N156, S59
N132, S59, N156, S61
N74, S18, N84, T28, N77, T26
N74, S19, N84, T28, N77, T26
N74, S21, N84, T28, N77, T26
N74, S22, N84, T28, N77, T26
N74, S6, N84, T28, N77, T26
N74, T25, N76, T27, N84, T28, N77, T26
N88, S26, N106, S32
N88, S27, N106, S32
N88, S30, N106, S32
N88, S31, N106, S32
