--- About the graph ---
Total of vertices (all kinds): 277
Hypothetic vertices: 47 / 277 (16.967509%)
Subnet vertices: 132 / 277 (47.653430%)
Known subnet vertices: 85 / 132 (64.393939%)

--- Subnet mappings ---
S1 = 64.94.189.128/25
S2 = 74.201.136.64/30
S3 = 74.201.137.64/30
S4 = 216.52.95.64/26
S5 = 216.52.95.0/26
S6 = 64.74.245.12/30
S7 = 74.201.131.192/31
S8 = 74.201.138.16/30
S9 = 74.201.150.224/30
S10 = 162.248.95.240/28
S11 = 74.201.136.8/30
S12 = 74.201.136.16/30
S13 = 64.74.240.192/29
S14 = 74.201.164.148/30
S15 = 64.74.240.224/30
S16 = 64.74.245.244/30
S17 = 64.94.177.0/30
S18 = 64.94.177.16/30
S19 = 64.95.46.176/30
S20 = 64.95.46.180/30
S21 = 70.42.41.248/29
S22 = 70.42.45.20/30
S23 = 74.201.138.72/29
S24 = 74.201.139.204/30
S25 = 74.201.164.8/30
S26 = 74.201.179.40/30
S27 = 74.201.195.88/30
S28 = 74.201.198.16/30
S29 = 74.201.254.48/30
S30 = 74.217.50.16/29
S31 = 74.217.55.160/30
S32 = 64.74.243.196/30
S33 = 74.201.136.92/30
S34 = 74.201.136.200/30
S35 = 74.201.254.252/30
S36 = 74.217.54.96/29
S37 = 64.74.240.208/29
S38 = 64.94.190.232/30
S39 = 74.201.254.64/28
S40 = 74.201.254.240/30
S41 = 216.52.93.92/30
S42 = 74.201.138.0/30
S43 = 75.98.62.224/30
S44 = 74.201.254.224/30
S45 = 64.94.177.68/30
S46 = 64.74.242.92/30
S47 = 74.201.138.80/30
S48 = 64.74.242.108/30
S49 = 70.42.41.24/30
S50 = 70.42.45.120/30
S51 = 74.201.254.108/30
S52 = 74.217.49.132/30
S53 = 74.217.49.168/30
S54 = 74.217.49.176/30
S55 = 74.217.50.24/30
S56 = 74.201.152.96/30
S57 = 74.201.254.84/30
S58 = 74.201.254.80/30
S59 = 74.217.51.24/30
S60 = 75.98.40.40/29
S61 = 64.74.252.192/26
S62 = 64.74.254.68/30
S63 = 74.201.129.180/30
S64 = 74.201.129.248/30
S65 = 64.94.177.196/30
S66 = 216.52.93.228/30
S67 = 70.42.39.144/29
S68 = 74.201.138.20/30
S69 = 104.153.107.128/25
S70 = 74.201.136.20/30
S71 = 74.201.136.12/30
S72 = 70.42.47.32/30
S73 = 63.251.17.48/30
S74 = 64.74.240.232/30
S75 = 64.94.177.8/30
S76 = 74.201.164.152/30
S77 = 74.217.51.8/29
S78 = 74.217.49.236/30
S79 = 75.98.62.228/30
S80 = 216.52.90.0/23
S81 = 74.201.138.4/30
S82 = 74.201.138.84/30
S83 = 74.201.136.72/30
S84 = 74.201.254.96/29
S85 = 70.42.41.48/30

--- Top (neighborhood) degrees ---
Degree 1: 119 neighborhoods
Degree 2: 65 neighborhoods
Degree 3: 17 neighborhoods
Degree 4: 19 neighborhoods
Degree 5: N206, N208
Degree 6: N171, N180, N186, N202, N241, N274
Degree 7: N185, N251
Degree 8: N13, N213
Degree 9: N219, N242
Degree 12: N273
Degree 13: N162
Degree 14: N147, N253, N270
Degree 15: N163
Degree 16: N116, N259, N264
Degree 17: N149
Degree 18: N115, N257
Degree 21: N130, N262
Degree 23: N247
Degree 24: N234
Degree 25: N131
Degree 31: N225, N263
Degree 34: N143, N231
Degree 35: N236
Degree 36: N144, N146, N205
Degree 41: N145
Degree 44: N175
Degree 45: N243
Degree 47: N260
Degree 49: N258
Degree 53: N187, N194
Degree 60: N137
Degree 70: N148
Degree 75: N156
Degree 79: N17
Degree 101: N139
Degree 116: N138
Degree 189: N155
Degree 200: N233

--- Bottom (subnet) degrees ---
Degree 1: 1985 subnets
Degree 2: 76 subnets
Degree 3: 162.248.95.240/28 (sound), 74.201.136.64/30 (sound), 64.95.46.180/30 (sound), 64.74.240.208/29, 74.201.254.64/28 (sound), 104.153.107.128/25, 216.52.90.0/23, 74.201.254.96/29
Degree 7: 216.52.95.0/26 (sound)

--- Base cycles ---
N146, S5, N243, S80
N148, S10, N233, S69
N148, S11, N156, S20, N236, S71, N231, S69
N148, S12, N175, T13, N176, T21, N234, S70, N231, S69
N148, S5, N231, S69
N175, T13, N176, T21, N234, S70, N231, S5, N187, S39
N243, S81, N247, S84
