--- About the graph ---
Total of vertices (all kinds): 272
Hypothetic vertices: 48 / 272 (17.647059%)
Subnet vertices: 129 / 272 (47.426471%)
Known subnet vertices: 81 / 129 (62.790698%)

--- Subnet mappings ---
S1 = 64.94.189.128/25
S2 = 216.52.95.0/26
S3 = 64.74.245.12/30
S4 = 74.201.131.192/31
S5 = 74.201.138.16/30
S6 = 162.248.95.240/28
S7 = 74.201.136.16/30
S8 = 64.74.240.192/29
S9 = 74.201.136.8/30
S10 = 74.201.150.224/29
S11 = 74.201.136.64/30
S12 = 64.74.243.196/30
S13 = 74.201.136.92/30
S14 = 74.201.136.200/30
S15 = 74.201.254.252/30
S16 = 74.217.54.96/29
S17 = 64.74.240.224/30
S18 = 64.74.245.244/30
S19 = 64.94.177.0/30
S20 = 64.94.177.16/30
S21 = 64.95.46.176/30
S22 = 64.95.46.180/30
S23 = 70.42.41.248/29
S24 = 70.42.45.20/30
S25 = 74.201.139.204/30
S26 = 74.201.152.112/29
S27 = 74.201.164.8/30
S28 = 74.201.179.40/30
S29 = 74.201.195.88/30
S30 = 74.201.198.16/30
S31 = 74.201.254.48/30
S32 = 74.217.50.16/29
S33 = 74.217.55.160/30
S34 = 64.94.171.4/30
S35 = 74.201.137.64/30
S36 = 64.74.240.208/29
S37 = 64.74.245.204/30
S38 = 74.201.138.32/30
S39 = 74.201.138.48/30
S40 = 74.201.254.64/28
S41 = 74.201.254.240/30
S42 = 74.201.138.0/30
S43 = 75.98.62.224/30
S44 = 74.201.138.80/30
S45 = 74.201.254.224/29
S46 = 64.94.177.68/30
S47 = 64.74.242.92/30
S48 = 70.42.41.24/30
S49 = 70.42.45.120/30
S50 = 74.201.254.108/30
S51 = 74.217.49.168/30
S52 = 74.217.49.176/30
S53 = 74.217.50.24/30
S54 = 74.201.152.96/30
S55 = 74.201.254.84/30
S56 = 74.201.254.80/30
S57 = 74.217.51.24/30
S58 = 75.98.40.40/29
S59 = 74.201.129.180/30
S60 = 64.74.252.192/26
S61 = 64.74.254.68/30
S62 = 74.201.138.20/30
S63 = 104.153.107.128/25
S64 = 74.201.136.20/30
S65 = 74.201.136.12/30
S66 = 70.42.47.32/30
S67 = 63.251.17.48/30
S68 = 64.74.240.232/30
S69 = 64.94.177.8/30
S70 = 74.201.164.152/30
S71 = 74.217.51.8/29
S72 = 74.201.138.36/30
S73 = 74.201.138.52/30
S74 = 74.217.49.236/30
S75 = 216.52.90.0/23
S76 = 74.201.138.4/30
S77 = 74.201.138.84/30
S78 = 74.201.136.72/30
S79 = 74.201.254.96/29
S80 = 70.42.41.48/30
S81 = 74.217.227.240/28

--- Top (neighborhood) degrees ---
Degree 1: 120 neighborhoods
Degree 2: 57 neighborhoods
Degree 3: 25 neighborhoods
Degree 4: 14 neighborhoods
Degree 5: N156, N205, N208, N248, N266
Degree 6: N152, N201, N215, N234, N257
Degree 7: N16, N173, N213, N245, N264
Degree 9: N222, N235, N255, N267
Degree 13: N165
Degree 14: N164, N273
Degree 16: N251
Degree 17: N142
Degree 18: N185, N260, N262
Degree 19: N115
Degree 20: N249
Degree 23: N241
Degree 25: N131, N132
Degree 26: N116, N227
Degree 29: N250
Degree 31: N252
Degree 34: N117, N253
Degree 37: N139, N229
Degree 38: N204
Degree 40: N224, N236
Degree 42: N147
Degree 43: N254
Degree 45: N196
Degree 50: N261
Degree 51: N189
Degree 52: N179
Degree 53: N263
Degree 74: N141, N157
Degree 75: N21
Degree 98: N181
Degree 115: N180
Degree 179: N226
Degree 193: N146

--- Bottom (subnet) degrees ---
Degree 1: 1975 subnets
Degree 2: 70 subnets
Degree 3: 74.201.136.64/30 (sound), 64.95.46.180/30 (sound), 74.201.152.112/29, 64.74.240.208/29, 74.201.131.192/31, 74.201.254.64/28 (sound), 74.201.254.224/29 (sound), 104.153.107.128/25, 216.52.90.0/23, 74.201.254.96/29
Degree 6: 216.52.95.0/26 (sound)

--- Base cycles ---
N138, T4, N139, S36, N189, S45, N141, S11, N247, T5
N139, S2, N189, S36
N139, S2, N236, S75
N141, S2, N189, S45
N141, S2, N224, S64, N227, T20, N148, T9, N147, S7
N141, S4 (B), N224, S64, N227, T20, N148, T9, N147, S7
N141, S7, N147, S40, N189, S45
N141, S7, N147, T9, N148, T20, N227, S64, N224, S63
N141, S7, N147, T9, N148, T20, N227, S64, N224, S65, N229, S22, N157, S9
N141, S7, N147, T9, N148, T20, N227, S64, N224, S65, N229, S26, N157, S9
N236, S76, N241, S79
