--- About the graph ---
Total of vertices (all kinds): 280
Hypothetic vertices: 55 / 280 (19.642857%)
Subnet vertices: 133 / 280 (47.500000%)
Known subnet vertices: 78 / 133 (58.646617%)

--- Subnet mappings ---
S1 = 216.52.95.0/26
S2 = 216.52.95.64/26
S3 = 64.74.245.12/30
S4 = 74.201.131.192/31
S5 = 74.201.138.16/30
S6 = 74.201.150.224/29
S7 = 162.248.95.240/28
S8 = 74.201.136.16/30
S9 = 64.74.240.192/29
S10 = 74.201.136.8/30
S11 = 74.201.136.64/30
S12 = 64.74.243.196/30
S13 = 74.201.136.92/30
S14 = 74.201.136.200/30
S15 = 74.201.254.252/30
S16 = 74.217.54.96/29
S17 = 64.74.240.224/30
S18 = 64.74.245.244/30
S19 = 64.94.177.0/30
S20 = 64.94.177.16/30
S21 = 64.95.46.176/30
S22 = 64.95.46.180/30
S23 = 70.42.41.248/29
S24 = 70.42.45.20/30
S25 = 74.201.139.204/30
S26 = 74.201.164.8/30
S27 = 74.201.179.40/30
S28 = 74.201.195.88/30
S29 = 74.201.198.16/30
S30 = 74.201.254.48/30
S31 = 74.217.50.16/29
S32 = 74.217.55.160/30
S33 = 74.201.137.64/30
S34 = 64.74.240.208/29
S35 = 64.74.245.204/30
S36 = 74.201.254.64/28
S37 = 74.201.254.240/30
S38 = 74.201.138.0/30
S39 = 75.98.62.224/30
S40 = 74.201.138.80/30
S41 = 74.201.254.224/29
S42 = 64.94.177.68/30
S43 = 64.74.242.92/30
S44 = 70.42.41.24/30
S45 = 70.42.45.120/30
S46 = 74.201.254.108/30
S47 = 74.217.49.168/30
S48 = 74.217.49.176/30
S49 = 74.217.50.24/30
S50 = 74.201.152.96/30
S51 = 74.201.254.84/30
S52 = 74.201.254.80/30
S53 = 74.217.51.24/30
S54 = 75.98.40.40/29
S55 = 74.201.129.180/30
S56 = 74.201.129.248/30
S57 = 64.74.252.192/26
S58 = 64.74.254.68/30
S59 = 64.94.177.196/30
S60 = 74.201.138.20/30
S61 = 104.153.107.128/25
S62 = 74.201.136.20/30
S63 = 74.201.136.12/30
S64 = 70.42.47.32/30
S65 = 63.251.17.48/30
S66 = 64.74.240.232/30
S67 = 64.94.177.8/30
S68 = 74.201.164.152/30
S69 = 74.217.51.8/29
S70 = 74.217.49.236/30
S71 = 75.98.62.228/30
S72 = 216.52.90.0/23
S73 = 74.201.138.4/30
S74 = 74.201.138.84/30
S75 = 74.201.136.72/30
S76 = 74.201.254.96/29
S77 = 70.42.41.48/30
S78 = 64.94.189.128/25

--- Top (neighborhood) degrees ---
Degree 1: 117 neighborhoods
Degree 2: 65 neighborhoods
Degree 3: 20 neighborhoods
Degree 4: 15 neighborhoods
Degree 5: N159, N209, N216, N254
Degree 6: N155, N202, N238
Degree 7: N175, N248, N275
Degree 8: N15, N190, N214
Degree 9: N224, N239
Degree 10: N188, N274
Degree 11: N168
Degree 13: N167, N226, N261, N267
Degree 14: N265
Degree 16: N257
Degree 17: N143
Degree 19: N111, N115
Degree 20: N116, N255
Degree 21: N129
Degree 22: N112, N244
Degree 26: N231, N250
Degree 27: N130
Degree 28: N251
Degree 29: N256
Degree 30: N113, N185
Degree 38: N205, N228, N233
Degree 41: N240
Degree 43: N136
Degree 45: N196, N268
Degree 48: N150, N252
Degree 51: N266
Degree 54: N191
Degree 56: N179
Degree 70: N142, N160
Degree 76: N19
Degree 98: N181
Degree 108: N180
Degree 184: N149
Degree 206: N230

--- Bottom (subnet) degrees ---
Degree 1: 2015 subnets
Degree 2: 68 subnets
Degree 3: 64.95.46.180/30 (sound), 64.74.240.208/29, 74.201.254.64/28 (sound), 74.201.254.224/29 (sound), 64.94.177.196/30 (sound), 104.153.107.128/25, 162.248.95.240/28 (sound), 216.52.90.0/23, 74.201.254.96/29
Degree 6: 216.52.95.0/26 (sound)

--- Base cycles ---
N136, S1, N185, S59, N226, S2
N136, S1, N240, S72
N142, S1, N191, S36, N150, S8
N142, S1, N228, S62, N231, T19, N151, T7, N150, S8
N142, S7, N230, S61
N142, S8, N150, S36, N191, S41
N142, S8, N150, T7, N151, T19, N231, S62, N228, S61
N142, S8, N150, T7, N151, T19, N231, S62, N228, S63, N233, S22, N160, S10
N240, S73, N244, S76
