--- About the graph ---
Total of vertices (all kinds): 271
Hypothetic vertices: 53 / 271 (19.557196%)
Subnet vertices: 127 / 271 (46.863469%)
Known subnet vertices: 74 / 127 (58.267717%)

--- Subnet mappings ---
S1 = 216.52.95.0/26
S2 = 64.74.245.12/30
S3 = 74.201.131.192/31
S4 = 74.201.138.16/30
S5 = 74.201.150.224/30
S6 = 162.248.95.240/28
S7 = 74.201.136.8/30
S8 = 74.201.136.16/30
S9 = 64.74.240.192/29
S10 = 74.201.164.148/30
S11 = 74.201.136.64/30
S12 = 64.74.240.224/30
S13 = 64.74.245.244/30
S14 = 64.94.177.0/30
S15 = 64.94.177.16/30
S16 = 64.95.46.176/30
S17 = 64.95.46.180/30
S18 = 70.42.41.248/29
S19 = 74.201.138.72/29
S20 = 74.201.139.204/30
S21 = 74.201.164.8/30
S22 = 74.201.179.40/30
S23 = 74.201.195.88/30
S24 = 74.201.198.16/30
S25 = 74.201.254.48/28
S26 = 74.217.50.16/29
S27 = 74.217.55.160/30
S28 = 64.74.243.196/30
S29 = 74.201.136.92/30
S30 = 74.201.136.200/30
S31 = 74.201.254.252/30
S32 = 74.217.54.96/29
S33 = 74.201.137.64/30
S34 = 64.74.240.208/29
S35 = 64.94.190.232/30
S36 = 216.52.93.92/30
S37 = 74.201.138.0/30
S38 = 75.98.62.224/30
S39 = 74.201.138.80/30
S40 = 64.74.242.92/30
S41 = 70.42.41.24/30
S42 = 70.42.45.120/30
S43 = 74.201.254.108/30
S44 = 74.217.49.132/30
S45 = 74.217.49.168/30
S46 = 74.217.49.176/30
S47 = 74.217.50.24/30
S48 = 74.201.152.96/30
S49 = 74.201.254.80/30
S50 = 74.217.51.24/30
S51 = 75.98.40.40/29
S52 = 74.201.129.180/30
S53 = 74.201.129.248/30
S54 = 64.74.254.68/30
S55 = 64.94.177.196/30
S56 = 70.42.39.144/29
S57 = 74.201.138.20/30
S58 = 104.153.107.0/24
S59 = 74.201.136.20/30
S60 = 74.201.136.12/30
S61 = 70.42.47.32/30
S62 = 63.251.17.48/30
S63 = 64.74.240.232/30
S64 = 64.94.177.8/30
S65 = 74.201.164.152/30
S66 = 74.217.51.8/29
S67 = 75.98.62.228/30
S68 = 74.201.138.4/30
S69 = 74.201.138.84/30
S70 = 74.201.136.72/30
S71 = 74.201.254.96/29
S72 = 70.42.41.48/30
S73 = 64.74.252.192/26
S74 = 64.94.189.128/25

--- Top (neighborhood) degrees ---
Degree 1: 122 neighborhoods
Degree 2: 65 neighborhoods
Degree 3: 20 neighborhoods
Degree 4: 18 neighborhoods
Degree 5: N134, N181
Degree 6: N121, N164, N173, N198, N209, N234
Degree 7: N120, N221, N243, N261
Degree 8: N17, N180, N207
Degree 9: N213, N235
Degree 11: N264
Degree 12: N266
Degree 16: N271
Degree 17: N143, N260
Degree 18: N245, N275
Degree 21: N269
Degree 22: N178
Degree 24: N156, N216, N238
Degree 25: N157, N179
Degree 27: N227
Degree 31: N270
Degree 34: N229
Degree 36: N201, N265
Degree 37: N236
Degree 38: N141
Degree 39: N224
Degree 43: N267
Degree 44: N168
Degree 51: N192
Degree 52: N187
Degree 65: N182
Degree 71: N142, N150
Degree 79: N21
Degree 132: N183
Degree 135: N184
Degree 220: N226
Degree 223: N149

--- Bottom (subnet) degrees ---
Degree 1: 1974 subnets
Degree 2: 68 subnets
Degree 3: 64.95.46.180/30 (sound), 74.201.254.48/28, 64.74.240.208/29, 104.153.107.0/24 (sound), 74.201.254.96/29
Degree 7: 216.52.95.0/26 (sound)

--- Base cycles ---
N141, S1, N187, S34
N142, S1, N224, S59, N227, T20, N169, T8, N168, S8
N142, S6, N149, S58, N224, S59, N227, T20, N169, T8, N168, S8
N142, S7, N150, S17, N229, S60, N224, S59, N227, T20, N169, T8, N168, S8
N142, S8, N168, T8, N169, T20, N227, S59, N224, S60, N229, S17, N150, S25
N182, T11, N183, T17, N221, T18, N184, T12
N236, S68, N238, S71
