--- About the graph ---
Total of vertices (all kinds): 281
Hypothetic vertices: 70 / 281 (24.911032%)
Subnet vertices: 138 / 281 (49.110320%)
Known subnet vertices: 68 / 138 (49.275362%)

--- Subnet mappings ---
S1 = 134.222.48.232/31
S2 = 134.222.119.24/31
S3 = 134.222.48.222/31
S4 = 134.222.48.246/31
S5 = 134.222.48.192/31
S6 = 134.222.95.68/30
S7 = 134.222.95.128/25
S8 = 134.222.129.196/30
S9 = 134.222.101.14/31
S10 = 134.222.112.32/28
S11 = 134.222.117.4/31
S12 = 134.222.117.36/31
S13 = 134.222.117.128/31
S14 = 134.222.134.194/31
S15 = 134.222.128.8/30
S16 = 134.222.148.140/31
S17 = 194.122.122.156/30
S18 = 134.222.48.244/31
S19 = 134.222.48.212/31
S20 = 134.222.94.212/30
S21 = 134.222.94.240/31
S22 = 194.122.122.24/30
S23 = 134.222.117.132/31
S24 = 134.222.134.152/31
S25 = 134.222.48.120/31
S26 = 134.222.49.86/31
S27 = 134.222.160.0/21
S28 = 194.122.122.40/30
S29 = 134.222.48.156/31
S30 = 134.222.48.174/31
S31 = 134.222.48.158/31
S32 = 194.122.122.60/30
S33 = 194.122.122.68/30
S34 = 134.222.48.114/31
S35 = 134.222.48.122/31
S36 = 134.222.48.200/31
S37 = 134.222.48.106/31
S38 = 134.222.117.224/31
S39 = 134.222.48.194/31
S40 = 134.222.116.194/31
S41 = 134.222.117.38/31
S42 = 134.222.117.130/31
S43 = 134.222.117.188/31
S44 = 134.222.138.144/28
S45 = 134.222.139.0/24
S46 = 134.222.49.56/31
S47 = 134.222.48.206/31
S48 = 134.222.96.250/31
S49 = 134.222.152.100/31
S50 = 134.222.109.82/31
S51 = 134.222.146.254/31
S52 = 134.222.153.70/31
S53 = 194.122.122.96/30
S54 = 134.222.48.230/31
S55 = 134.222.96.192/27
S56 = 134.222.153.248/31
S57 = 134.222.153.252/31
S58 = 134.222.155.238/31
S59 = 134.222.48.216/31
S60 = 134.222.49.108/31
S61 = 134.222.49.48/31
S62 = 134.222.236.0/29
S63 = 194.122.122.108/30
S64 = 194.122.122.112/30
S65 = 134.222.48.68/31
S66 = 134.222.105.196/30
S67 = 194.122.122.132/30
S68 = 194.122.122.144/30

--- Top (neighborhood) degrees ---
Degree 1: N1, N13, N2, N3, N4, N6, N8, N9
Degree 2: 63 neighborhoods
Degree 3: 17 neighborhoods
Degree 4: N127, N141, N16, N18, N56, N58, N69, N83, N87
Degree 5: 12 neighborhoods
Degree 6: N143, N155, N23, N74, N78, N99
Degree 7: N108, N118, N150, N156, N22, N28, N53, N97
Degree 8: N103, N117, N146, N60, N67, N71, N90
Degree 9: N82
Degree 10: N153
Degree 11: N95
Degree 12: N154
Degree 13: N151, N51, N62
Degree 14: N92
Degree 15: N46
Degree 17: N113
Degree 18: N96
Degree 20: N37, N54, N72, N79
Degree 21: N88
Degree 22: N41
Degree 26: N42
Degree 28: N132
Degree 30: N111, N55
Degree 37: N144
Degree 49: N126
Degree 51: N147
Degree 56: N124
Degree 76: N14

--- Bottom (subnet) degrees ---
Degree 1: 777 subnets
Degree 2: 46 subnets
Degree 3: 18 subnets
Degree 4: 134.222.48.120/31, 134.222.160.0/21, 134.222.48.222/31
Degree 5: 134.222.48.174/31

--- Base cycles ---
N14, S1 (B), N124, S53, N123, T34
N14, S1 (B), N41, S3 (B), N71, T29
N14, T23, N51, S7, N71, T29
N14, T29, N71, S17, N111, S46 (B), N112, S26 (B), N82, S25 (B), N79, S22, N78, T30
N14, T29, N71, S17, N72, S46 (B), N112, S26 (B), N82, S25 (B), N79, S22, N78, T30
N14, T29, N71, S3 (B), N126, S54, N124, S53, N123, T34
N14, T29, N71, S3 (B), N126, S55, N124, S53, N123, T34
N14, T29, N71, S3 (B), N42, S45, N108, S39 (B), N112, S26 (B), N82, S25 (B), N79, S22, N78, T30
N14, T29, N71, S3 (B), N42, S5, N46, S44, N108, S39 (B), N112, S26 (B), N82, S25 (B), N79, S22, N78, T30
N37, S29 (B), N90, S30 (B)
N72, S46 (B), N111, S47 (B)
N79, S25 (B), N103, S43 (B)
N79, S40 (B), N103, S43 (B)
N79, S41 (B), N103, S43 (B)
N79, S42 (B), N103, S43 (B)
N82, S25 (B), N101, S38 (B)
N82, S25 (B), N101, S39 (B), N112, S26 (B)
