--- About the graph ---
Total of vertices (all kinds): 272
Hypothetic vertices: 47 / 272 (17.279412%)
Subnet vertices: 127 / 272 (46.691176%)
Known subnet vertices: 80 / 127 (62.992126%)

--- Subnet mappings ---
S1 = 64.94.189.192/26
S2 = 64.74.252.0/24
S3 = 216.52.95.0/26
S4 = 64.74.240.208/28
S5 = 64.94.190.232/30
S6 = 74.217.160.0/26
S7 = 216.52.93.92/30
S8 = 74.201.138.0/30
S9 = 64.74.242.92/30
S10 = 75.98.62.224/30
S11 = 74.201.252.0/30
S12 = 74.201.138.80/30
S13 = 64.74.242.108/30
S14 = 70.42.41.24/30
S15 = 70.42.45.120/30
S16 = 74.201.248.64/27
S17 = 74.201.254.48/29
S18 = 74.201.254.108/30
S19 = 74.217.49.168/30
S20 = 74.217.49.176/30
S21 = 74.217.49.224/29
S22 = 74.217.50.24/30
S23 = 74.201.152.96/30
S24 = 74.201.254.84/30
S25 = 74.217.51.24/30
S26 = 75.98.40.40/29
S27 = 64.74.254.16/30
S28 = 64.74.254.32/30
S29 = 64.74.254.36/30
S30 = 74.201.129.180/30
S31 = 74.201.129.248/30
S32 = 74.201.253.52/30
S33 = 70.42.39.144/29
S34 = 63.251.20.248/29
S35 = 64.74.245.12/30
S36 = 74.201.131.192/31
S37 = 74.201.138.16/30
S38 = 74.201.150.224/29
S39 = 75.98.56.0/26
S40 = 104.153.107.128/25
S41 = 74.201.136.8/30
S42 = 64.74.240.192/30
S43 = 74.201.136.16/30
S44 = 74.201.136.64/30
S45 = 74.201.181.224/30
S46 = 64.74.240.224/30
S47 = 64.74.245.240/29
S48 = 64.94.177.0/30
S49 = 64.94.177.16/30
S50 = 64.95.46.176/30
S51 = 64.95.46.180/30
S52 = 70.42.41.248/29
S53 = 74.201.139.204/30
S54 = 74.201.179.40/30
S55 = 74.201.195.88/30
S56 = 74.201.198.16/30
S57 = 74.217.50.16/29
S58 = 64.94.185.0/25
S59 = 74.201.136.92/30
S60 = 74.201.136.200/30
S61 = 74.201.164.144/30
S62 = 74.201.254.252/30
S63 = 74.217.54.96/29
S64 = 64.74.245.60/30
S65 = 64.74.244.36/30
S66 = 74.201.137.64/30
S67 = 70.42.74.248/29
S68 = 74.201.138.20/30
S69 = 162.248.95.240/28
S70 = 74.201.136.12/30
S71 = 74.201.136.20/30
S72 = 63.251.17.48/30
S73 = 64.74.240.232/30
S74 = 64.94.177.8/30
S75 = 74.201.132.196/30
S76 = 74.217.51.8/29
S77 = 70.42.47.32/30
S78 = 74.201.138.84/30
S79 = 75.98.62.228/30
S80 = 74.201.138.4/30

--- Top (neighborhood) degrees ---
Degree 1: 107 neighborhoods
Degree 2: 72 neighborhoods
Degree 3: 21 neighborhoods
Degree 4: 23 neighborhoods
Degree 5: N126, N152, N218, N265
Degree 6: N153, N160, N264
Degree 7: N166, N211, N244, N262, N266
Degree 8: N131, N179, N256
Degree 10: N150, N172
Degree 12: N260
Degree 13: N181, N254
Degree 19: N245, N261
Degree 23: N205, N206
Degree 24: N252
Degree 29: N238
Degree 32: N165
Degree 37: N142, N186
Degree 38: N257
Degree 39: N255
Degree 44: N249
Degree 46: N234
Degree 51: N215
Degree 55: N191
Degree 57: N199, N226
Degree 59: N143
Degree 67: N149
Degree 106: N27
Degree 133: N227
Degree 142: N228
Degree 214: N237
Degree 216: N198
Degree 222: N235
Degree 224: N192

--- Bottom (subnet) degrees ---
Degree 1: 2306 subnets
Degree 2: 69 subnets
Degree 3: 74.201.248.64/27, 63.251.20.248/29, 74.201.131.192/31, 64.74.240.208/28, 74.201.136.64/30 (sound), 64.95.46.180/30 (sound), 64.94.185.0/25, 74.217.160.0/26, 70.42.74.248/29 (sound), 162.248.95.240/28 (sound)
Degree 6: 216.52.95.0/26 (sound)

--- Base cycles ---
N142, S3, N143, S6
N142, S4, N143, S6
N143, S3, N249, S80, N252, S16, N149, S8
N191, S3, N234, S71, N245, S58, N215, S43
N191, S34, N234, S71, N245, S58, N215, S43
N191, S36 (B), N234, S71, N245, S58, N215, S43
N191, S41, N199, S51, N238, S70, N234, S71, N245, S58, N215, S43
N192, S34, N234, S67
N234, S67, N235, S69
