--- About the graph ---
Total of vertices (all kinds): 294
Hypothetic vertices: 53 / 294 (18.027211%)
Subnet vertices: 138 / 294 (46.938776%)
Known subnet vertices: 85 / 138 (61.594203%)

--- Subnet mappings ---
S1 = 64.74.252.0/23
S2 = 216.52.95.0/26
S3 = 64.74.240.208/28
S4 = 64.94.190.232/30
S5 = 74.217.160.0/26
S6 = 216.52.93.92/30
S7 = 74.201.138.0/30
S8 = 64.74.242.92/30
S9 = 75.98.62.224/30
S10 = 74.201.252.0/30
S11 = 74.201.138.80/30
S12 = 64.74.242.108/30
S13 = 70.42.41.24/30
S14 = 70.42.45.120/30
S15 = 74.201.248.64/27
S16 = 74.201.254.48/29
S17 = 74.201.254.108/30
S18 = 74.217.49.168/30
S19 = 74.217.49.176/30
S20 = 74.217.49.224/29
S21 = 74.217.50.24/30
S22 = 74.201.152.96/30
S23 = 74.201.254.84/30
S24 = 74.201.254.80/30
S25 = 74.217.51.24/30
S26 = 75.98.40.40/29
S27 = 64.74.254.16/30
S28 = 64.74.254.32/30
S29 = 64.74.254.36/30
S30 = 74.201.129.180/30
S31 = 74.201.129.248/30
S32 = 74.201.252.196/30
S33 = 74.201.253.52/30
S34 = 70.42.39.144/29
S35 = 63.251.20.248/29
S36 = 64.74.245.12/30
S37 = 74.201.131.192/31
S38 = 74.201.138.16/30
S39 = 74.201.150.224/30
S40 = 75.98.56.0/26
S41 = 104.153.107.128/25
S42 = 74.201.136.8/30
S43 = 64.74.240.192/30
S44 = 74.201.136.16/30
S45 = 74.201.136.64/30
S46 = 74.201.181.224/30
S47 = 64.74.240.224/30
S48 = 64.74.245.240/29
S49 = 64.94.177.0/30
S50 = 64.94.177.16/30
S51 = 64.95.46.176/30
S52 = 64.95.46.180/30
S53 = 70.42.41.248/29
S54 = 74.201.139.204/30
S55 = 74.201.179.40/30
S56 = 74.201.195.88/30
S57 = 74.201.198.16/30
S58 = 74.217.50.16/29
S59 = 64.94.185.0/25
S60 = 74.201.136.92/30
S61 = 74.201.136.200/30
S62 = 74.201.164.144/30
S63 = 74.201.254.252/30
S64 = 74.217.54.96/29
S65 = 64.74.245.60/30
S66 = 64.74.244.36/30
S67 = 74.201.137.64/30
S68 = 70.42.74.248/29
S69 = 74.201.138.20/30
S70 = 162.248.95.192/26
S71 = 74.201.136.12/30
S72 = 74.201.136.20/30
S73 = 63.251.17.48/30
S74 = 64.74.240.232/30
S75 = 64.94.177.8/30
S76 = 74.201.132.196/30
S77 = 74.217.51.8/29
S78 = 70.42.47.32/30
S79 = 74.201.138.84/30
S80 = 75.98.62.228/30
S81 = 74.201.138.4/30
S82 = 75.98.32.8/31
S83 = 75.98.33.40/29
S84 = 75.98.32.11/32
S85 = 64.94.189.192/26

--- Top (neighborhood) degrees ---
Degree 1: 87 neighborhoods
Degree 2: 72 neighborhoods
Degree 3: 26 neighborhoods
Degree 4: 27 neighborhoods
Degree 5: N101, N109, N206, N22
Degree 6: N106, N110, N122, N138, N145, N245, N257
Degree 7: N105, N151, N200, N232
Degree 8: N167
Degree 9: N254
Degree 10: N111, N112, N136, N160, N251
Degree 13: N169, N244
Degree 17: N233, N249
Degree 20: N247
Degree 23: N240
Degree 24: N194
Degree 27: N195
Degree 28: N226
Degree 32: N252
Degree 34: N150
Degree 36: N128, N174
Degree 37: N250
Degree 43: N237
Degree 47: N204
Degree 50: N222
Degree 60: N129
Degree 61: N214
Degree 62: N135, N188
Degree 63: N180
Degree 102: N28
Degree 112: N215, N216
Degree 216: N223
Degree 221: N187
Degree 225: N181
Degree 227: N225

--- Bottom (subnet) degrees ---
Degree 1: 2303 subnets
Degree 2: 73 subnets
Degree 3: 11 subnets
Degree 6: 216.52.95.0/26 (sound)

--- Base cycles ---
N128, S2, N129, S3
N128, S2, N129, S5
N129, S2, N237, S81, N240, S15, N135, S7
N180, S2, N222, S37 (B)
N180, S2, N222, S41
N180, S2, N222, S68, N181, S35
N180, S2, N222, S71, N226, S52, N188, S42
N180, S2, N222, S72, N233, S59, N204, S44
N243, S82 (B), N245, S83
