--- About the graph ---
Total of vertices (all kinds): 280
Hypothetic vertices: 45 / 280 (16.071429%)
Subnet vertices: 133 / 280 (47.500000%)
Known subnet vertices: 88 / 133 (66.165414%)

--- Subnet mappings ---
S1 = 74.201.136.64/30
S2 = 74.201.137.64/30
S3 = 216.52.95.0/24
S4 = 64.74.240.208/28
S5 = 64.94.190.232/30
S6 = 74.201.208.56/30
S7 = 74.201.254.240/30
S8 = 74.217.160.0/26
S9 = 216.52.93.92/30
S10 = 74.201.138.0/30
S11 = 64.74.242.92/30
S12 = 75.98.62.224/30
S13 = 74.201.252.0/30
S14 = 64.94.177.68/30
S15 = 74.201.138.80/30
S16 = 64.74.242.108/30
S17 = 70.42.41.24/30
S18 = 70.42.45.120/30
S19 = 74.201.248.64/27
S20 = 74.201.254.48/29
S21 = 74.201.254.108/30
S22 = 74.217.49.168/30
S23 = 74.217.49.176/30
S24 = 74.217.49.224/29
S25 = 74.217.50.24/30
S26 = 74.201.152.96/30
S27 = 74.201.254.84/30
S28 = 74.217.51.24/30
S29 = 75.98.40.40/29
S30 = 64.74.254.16/30
S31 = 64.74.254.32/30
S32 = 64.74.254.36/30
S33 = 64.74.252.0/24
S34 = 74.201.129.180/30
S35 = 74.201.129.248/30
S36 = 74.201.252.196/30
S37 = 74.201.253.52/30
S38 = 70.42.39.144/29
S39 = 63.251.20.248/29
S40 = 64.74.245.12/30
S41 = 74.201.131.192/30
S42 = 74.201.138.16/30
S43 = 74.201.150.224/29
S44 = 75.98.56.0/26
S45 = 104.153.107.128/25
S46 = 74.201.136.8/30
S47 = 64.74.240.192/30
S48 = 74.201.136.16/30
S49 = 64.94.172.120/30
S50 = 64.74.240.224/30
S51 = 64.74.245.240/29
S52 = 64.94.177.0/30
S53 = 64.94.177.16/30
S54 = 64.95.46.176/30
S55 = 64.95.46.180/30
S56 = 70.42.41.248/29
S57 = 70.42.45.20/30
S58 = 74.201.139.204/30
S59 = 74.201.179.40/30
S60 = 74.201.195.88/30
S61 = 74.201.198.16/30
S62 = 74.217.50.16/29
S63 = 64.94.185.0/25
S64 = 74.201.136.92/30
S65 = 74.201.136.200/30
S66 = 74.201.164.144/30
S67 = 74.201.254.252/30
S68 = 74.217.54.96/29
S69 = 64.74.245.60/30
S70 = 64.74.244.36/30
S71 = 70.42.74.248/29
S72 = 74.201.138.20/30
S73 = 162.248.95.192/26
S74 = 74.201.136.12/30
S75 = 74.201.136.20/30
S76 = 74.201.181.236/30
S77 = 64.74.240.240/30
S78 = 63.251.17.48/30
S79 = 64.74.240.232/30
S80 = 64.94.177.8/30
S81 = 74.201.132.196/30
S82 = 74.217.51.8/29
S83 = 70.42.47.32/30
S84 = 74.201.138.84/30
S85 = 74.217.49.236/30
S86 = 75.98.62.228/30
S87 = 74.201.138.4/30
S88 = 64.94.189.192/26

--- Top (neighborhood) degrees ---
Degree 1: 99 neighborhoods
Degree 2: 70 neighborhoods
Degree 3: 18 neighborhoods
Degree 4: 24 neighborhoods
Degree 5: N103, N107, N140, N186, N222
Degree 6: N139, N153, N161
Degree 7: N137, N167, N216, N231, N243
Degree 8: N248, N5
Degree 9: N16, N180
Degree 10: N151, N173
Degree 12: N135
Degree 13: N182
Degree 18: N129, N244
Degree 19: N136
Degree 20: N210
Degree 21: N131
Degree 23: N254
Degree 24: N209
Degree 28: N237
Degree 32: N166
Degree 34: N141
Degree 38: N130
Degree 39: N189
Degree 43: N250
Degree 45: N132
Degree 46: N220, N233
Degree 57: N142
Degree 59: N195, N203
Degree 66: N150
Degree 70: N124
Degree 106: N21
Degree 129: N126
Degree 134: N125
Degree 191: N202
Degree 202: N236
Degree 214: N196
Degree 216: N234

--- Bottom (subnet) degrees ---
Degree 1: 2263 subnets
Degree 2: 77 subnets
Degree 3: 74.201.136.64/30 (sound), 74.201.248.64/27, 64.74.240.208/28, 74.201.131.192/30 (sound), 104.153.107.128/25, 64.95.46.180/30 (sound), 64.94.185.0/25, 70.42.74.248/29 (sound), 162.248.95.192/26 (sound), 74.217.160.0/26
Degree 6: 216.52.95.0/24

--- Base cycles ---
N141, S3, N142, S4
N141, S3, N142, S8
N142, S3, N250, S87, N254, S19, N150, S10
N195, S3, N233, S75, N244, S63, N220, S48
N195, S39, N196, S73, N233, S75, N244, S63, N220, S48
N195, S41, N233, S75, N244, S63, N220, S48
N195, S45, N233, S75, N244, S63, N220, S48
N195, S46, N203, S55, N237, S74, N233, S75, N244, S63, N220, S48
N202, S45, N233, S71
