--- About the graph ---
Total of vertices (all kinds): 319
Hypothetic vertices: 70 / 319 (21.943574%)
Subnet vertices: 151 / 319 (47.335423%)
Known subnet vertices: 81 / 151 (53.642384%)

--- Subnet mappings ---
S1 = 64.94.189.128/25
S2 = 216.52.95.0/24
S3 = 64.74.245.12/30
S4 = 74.201.131.192/30
S5 = 74.201.138.18/31
S6 = 74.201.150.224/29
S7 = 162.248.95.248/29
S8 = 74.201.136.18/31
S9 = 64.74.240.192/30
S10 = 74.201.136.8/30
S11 = 74.201.164.150/31
S12 = 74.201.136.66/31
S13 = 64.94.185.0/25
S14 = 74.201.136.92/30
S15 = 74.201.136.200/30
S16 = 74.201.254.252/30
S17 = 74.217.54.96/30
S18 = 64.74.240.224/30
S19 = 64.74.243.196/31
S20 = 64.74.245.240/29
S21 = 64.94.177.2/31
S22 = 64.94.177.18/31
S23 = 64.95.46.178/31
S24 = 64.95.46.182/31
S25 = 70.42.41.248/29
S26 = 70.42.45.22/31
S27 = 74.201.138.72/29
S28 = 74.201.139.204/30
S29 = 74.201.164.8/30
S30 = 74.201.179.40/30
S31 = 74.201.195.90/31
S32 = 74.201.198.18/31
S33 = 74.201.254.48/30
S34 = 74.217.50.16/30
S35 = 74.217.55.160/30
S36 = 74.201.137.64/31
S37 = 64.74.240.208/29
S38 = 216.52.93.92/30
S39 = 74.201.138.2/31
S40 = 75.98.62.224/30
S41 = 74.201.138.80/31
S42 = 64.94.190.234/31
S43 = 74.201.254.226/31
S44 = 64.74.242.94/31
S45 = 64.74.242.110/31
S46 = 70.42.41.26/31
S47 = 70.42.45.120/30
S48 = 74.201.152.116/30
S49 = 74.217.49.134/31
S50 = 74.217.49.168/30
S51 = 74.217.49.178/31
S52 = 74.217.50.24/30
S53 = 74.217.51.24/30
S54 = 75.98.40.170/31
S55 = 74.201.152.96/30
S56 = 74.201.254.86/31
S57 = 74.201.129.182/31
S58 = 74.201.129.248/30
S59 = 64.74.254.70/31
S60 = 64.94.177.198/31
S61 = 70.42.39.148/30
S62 = 74.201.138.22/31
S63 = 104.153.107.128/25
S64 = 74.201.136.12/30
S65 = 74.201.136.22/31
S66 = 63.251.17.48/30
S67 = 64.74.240.234/31
S68 = 64.94.177.8/30
S69 = 74.201.164.152/30
S70 = 74.217.51.8/29
S71 = 70.42.47.34/31
S72 = 74.201.138.38/31
S73 = 74.201.138.86/31
S74 = 75.98.62.228/30
S75 = 74.201.138.6/31
S76 = 74.201.136.72/30
S77 = 74.201.254.96/29
S78 = 64.74.252.192/26
S79 = 75.98.32.8/31
S80 = 75.98.33.40/29
S81 = 75.98.32.10/31

--- Top (neighborhood) degrees ---
Degree 1: 113 neighborhoods
Degree 2: 75 neighborhoods
Degree 3: 30 neighborhoods
Degree 4: 17 neighborhoods
Degree 5: N12, N148, N198, N202, N259, N281
Degree 6: N212
Degree 7: N207, N275
Degree 8: N176, N197
Degree 9: N152, N210, N238, N240
Degree 10: N113, N220
Degree 11: N273
Degree 12: N175
Degree 13: N161, N278
Degree 14: N270
Degree 15: N174
Degree 17: N269
Degree 20: N134
Degree 21: N160
Degree 22: N239
Degree 24: N241
Degree 25: N249, N271, N279
Degree 26: N223
Degree 27: N173, N253, N282
Degree 34: N133
Degree 35: N232
Degree 41: N203
Degree 44: N204
Degree 46: N140
Degree 48: N245
Degree 50: N18
Degree 53: N229
Degree 59: N178
Degree 60: N188
Degree 71: N184
Degree 75: N151
Degree 83: N128
Degree 97: N132
Degree 100: N182
Degree 107: N179
Degree 195: N231
Degree 201: N139

--- Bottom (subnet) degrees ---
Degree 1: 1992 subnets
Degree 2: 73 subnets
Degree 3: 64.94.185.0/25, 64.95.46.182/31, 64.74.240.208/29, 74.201.131.192/30 (sound), 104.153.107.128/25, 74.201.254.96/29, 75.98.32.8/31
Degree 7: 216.52.95.0/24 (sound)

--- Base cycles ---
N128, S2, N184, S37
N132, S2, N229, S65, N241, S13, N140, S8
N132, S4, N229, S65, N241, S13, N140, S8
N132, S8, N140, S13, N241, S65, N229, S63
N132, S8, N140, S13, N241, S65, N229, S64, N232, S24 (B), N151, S10
N184, S2, N245, S77, N249, T24, N195, T13, N188, S39
N245, S75, N249, S77
N268, S79 (B), N270, S80
