--- About the graph ---
Total of vertices (all kinds): 274
Hypothetic vertices: 51 / 274 (18.613139%)
Subnet vertices: 130 / 274 (47.445255%)
Known subnet vertices: 79 / 130 (60.769231%)

--- Subnet mappings ---
S1 = 64.94.189.128/25
S2 = 216.52.95.0/26
S3 = 64.74.245.12/30
S4 = 74.201.131.192/31
S5 = 74.201.138.16/30
S6 = 74.201.150.224/28
S7 = 162.248.95.240/28
S8 = 74.201.136.16/30
S9 = 64.74.240.192/29
S10 = 74.201.136.8/30
S11 = 74.201.164.148/30
S12 = 74.201.136.64/30
S13 = 64.74.243.196/30
S14 = 64.94.185.0/25
S15 = 74.201.136.92/30
S16 = 74.201.136.200/30
S17 = 74.201.254.252/30
S18 = 74.217.54.96/29
S19 = 64.74.240.224/30
S20 = 64.74.245.244/30
S21 = 64.94.177.0/30
S22 = 64.94.177.16/30
S23 = 64.95.46.176/30
S24 = 64.95.46.180/30
S25 = 70.42.41.248/29
S26 = 70.42.45.20/30
S27 = 74.201.138.72/29
S28 = 74.201.139.204/30
S29 = 74.201.164.8/30
S30 = 74.201.179.40/30
S31 = 74.201.195.88/30
S32 = 74.201.198.16/30
S33 = 74.201.254.48/30
S34 = 74.217.50.16/29
S35 = 74.217.55.160/30
S36 = 74.201.137.64/30
S37 = 64.74.240.208/29
S38 = 64.94.190.232/30
S39 = 74.201.138.32/30
S40 = 216.52.93.94/31
S41 = 74.201.138.0/30
S42 = 75.98.62.224/30
S43 = 74.201.138.80/31
S44 = 74.201.254.224/30
S45 = 64.74.242.92/30
S46 = 64.74.242.108/30
S47 = 70.42.41.24/30
S48 = 70.42.45.120/30
S49 = 74.201.254.108/30
S50 = 74.217.49.132/30
S51 = 74.217.49.168/30
S52 = 74.217.49.176/30
S53 = 74.217.50.24/30
S54 = 74.201.152.96/30
S55 = 74.201.254.84/30
S56 = 74.201.254.80/30
S57 = 74.217.51.24/30
S58 = 75.98.40.40/29
S59 = 74.201.129.180/30
S60 = 74.201.129.248/30
S61 = 64.74.254.68/30
S62 = 64.94.177.196/30
S63 = 70.42.39.144/29
S64 = 74.201.138.20/30
S65 = 104.153.107.128/25
S66 = 74.201.136.20/30
S67 = 74.201.136.12/30
S68 = 70.42.47.32/30
S69 = 63.251.17.48/30
S70 = 64.74.240.232/30
S71 = 64.94.177.8/30
S72 = 74.201.164.152/30
S73 = 74.217.51.8/29
S74 = 74.201.138.36/30
S75 = 74.201.138.86/31
S76 = 75.98.62.228/30
S77 = 74.201.138.4/30
S78 = 74.201.136.72/30
S79 = 74.201.254.96/29

--- Top (neighborhood) degrees ---
Degree 1: 127 neighborhoods
Degree 2: 63 neighborhoods
Degree 3: 18 neighborhoods
Degree 4: 18 neighborhoods
Degree 5: N211, N275, N276
Degree 6: N160, N180, N207, N220, N245, N249
Degree 7: N185, N218, N280
Degree 8: N17, N269
Degree 9: N184, N226, N246, N267
Degree 10: N146, N259
Degree 12: N171, N172
Degree 13: N278
Degree 16: N274
Degree 17: N148
Degree 20: N137
Degree 21: N272
Degree 24: N138, N251
Degree 25: N144
Degree 27: N238
Degree 29: N270
Degree 31: N273
Degree 33: N240
Degree 35: N145, N210, N258, N268
Degree 36: N235
Degree 37: N256
Degree 40: N247
Degree 42: N229
Degree 43: N257
Degree 46: N154
Degree 52: N186
Degree 53: N192
Degree 55: N198
Degree 69: N147
Degree 70: N165
Degree 80: N21
Degree 104: N188
Degree 108: N187
Degree 240: N153
Degree 244: N237

--- Bottom (subnet) degrees ---
Degree 1: 2013 subnets
Degree 2: 70 subnets
Degree 3: 74.201.136.64/30 (sound), 64.94.185.0/25, 64.95.46.180/30 (sound), 64.74.240.208/29, 74.201.131.192/31, 104.153.107.128/25, 162.248.95.240/28 (sound), 74.201.254.96/29
Degree 7: 216.52.95.0/26 (sound)

--- Base cycles ---
N143, T3, N144, S2, N147, S12, N255, T4
N144, S2, N192, S37
N147, S2, N235, S66, N238, T21, N155, T8, N154, S8
N147, S4 (B), N235, S66, N238, T21, N155, T8, N154, S8
N147, S7, N237, S65
N147, S8, N154, T8, N155, T21, N238, S66, N235, S65
N147, S8, N154, T8, N155, T21, N238, S66, N235, S67, N240, S24, N165, S10
N154, T8, N155, T21, N238, S14
N192, S2, N247, S79, N251, T24, N204, T14, N198, S41
N247, S77, N251, S79
