--- About the graph ---
Total of vertices (all kinds): 274
Hypothetic vertices: 71 / 274 (25.912409%)
Subnet vertices: 135 / 274 (49.270073%)
Known subnet vertices: 64 / 135 (47.407407%)

--- Subnet mappings ---
S1 = 134.222.48.232/31
S2 = 134.222.48.222/31
S3 = 134.222.48.246/31
S4 = 134.222.48.192/31
S5 = 134.222.95.68/30
S6 = 134.222.95.128/25
S7 = 134.222.129.196/30
S8 = 134.222.101.14/31
S9 = 134.222.109.80/28
S10 = 134.222.146.254/31
S11 = 134.222.112.32/28
S12 = 134.222.117.4/31
S13 = 134.222.117.36/31
S14 = 134.222.117.128/31
S15 = 134.222.134.194/31
S16 = 134.222.128.8/30
S17 = 134.222.148.140/31
S18 = 194.122.122.156/30
S19 = 134.222.48.244/31
S20 = 134.222.48.212/31
S21 = 134.222.94.212/30
S22 = 134.222.94.240/31
S23 = 194.122.122.24/30
S24 = 134.222.134.152/31
S25 = 134.222.48.120/31
S26 = 134.222.49.86/31
S27 = 134.222.160.0/21
S28 = 194.122.122.44/30
S29 = 134.222.119.24/31
S30 = 194.122.122.60/30
S31 = 194.122.122.68/30
S32 = 134.222.48.122/31
S33 = 134.222.48.200/31
S34 = 134.222.117.224/31
S35 = 134.222.48.194/31
S36 = 134.222.116.194/31
S37 = 134.222.117.38/31
S38 = 134.222.117.130/31
S39 = 134.222.117.188/31
S40 = 134.222.138.144/28
S41 = 134.222.139.64/26
S42 = 134.222.49.56/31
S43 = 134.222.48.206/31
S44 = 134.222.96.250/31
S45 = 134.222.152.100/31
S46 = 134.222.153.70/31
S47 = 194.122.122.96/30
S48 = 134.222.48.230/31
S49 = 134.222.96.192/27
S50 = 134.222.153.248/31
S51 = 134.222.153.252/31
S52 = 134.222.155.238/31
S53 = 134.222.48.216/31
S54 = 134.222.49.108/31
S55 = 134.222.49.48/31
S56 = 134.222.236.0/29
S57 = 194.122.122.108/30
S58 = 194.122.122.112/30
S59 = 134.222.48.68/31
S60 = 134.222.105.196/30
S61 = 194.122.122.132/30
S62 = 134.222.48.112/31
S63 = 194.122.122.140/30
S64 = 194.122.122.144/30

--- Top (neighborhood) degrees ---
Degree 1: N1, N10, N12, N2, N3, N4, N7, N9
Degree 2: 62 neighborhoods
Degree 3: 16 neighborhoods
Degree 4: N120, N134, N14, N141, N20, N70, N74, N83
Degree 5: 12 neighborhoods
Degree 6: N136, N149, N151, N22, N58, N75, N79, N95, N97
Degree 7: N105, N138, N143, N21, N50, N57
Degree 8: N100, N148, N61, N68, N72
Degree 9: N82
Degree 10: N146
Degree 11: N144, N92
Degree 13: N147, N48, N93
Degree 15: N63
Degree 16: N43
Degree 17: N110
Degree 19: N36, N80
Degree 20: N51, N73
Degree 22: N39
Degree 24: N40, N88
Degree 28: N125
Degree 30: N108
Degree 35: N137
Degree 37: N52
Degree 50: N119
Degree 52: N117
Degree 55: N139
Degree 79: N13

--- Bottom (subnet) degrees ---
Degree 1: 757 subnets
Degree 2: 44 subnets
Degree 3: 17 subnets
Degree 4: 134.222.48.222/31, 134.222.48.120/31, 134.222.160.0/21

--- Base cycles ---
N117, S48, N119, S49
N13, S1 (B), N117, S47, N116, T36
N13, T24, N48, S6, N72, S2 (B), N119, S49, N117, S47, N116, T36
N13, T26, N57, S9, N92, S31, N93, S32, N97, S35 (B), N109, S42 (B), N73, S18, N72, S2 (B), N119, S49, N117, S47, N116, T36
N13, T31, N72, S2 (B), N119, S49, N117, S47, N116, T36
N13, T32, N79, S23, N80, S25 (B), N97, S35 (B), N109, S42 (B), N73, S18, N72, S2 (B), N119, S49, N117, S47, N116, T36
N13, T35, N92, S31, N93, S32, N97, S35 (B), N109, S42 (B), N73, S18, N72, S2 (B), N119, S49, N117, S47, N116, T36
N39, S1 (B), N117, S49, N119, S2 (B)
N40, S2 (B), N72, S18, N73, S42 (B), N109, S35 (B), N105, S40, N43, S4
N40, S2 (B), N72, S18, N73, S42 (B), N109, S35 (B), N105, S41
N73, S18, N108, S42 (B)
N73, S18, N108, S43 (B)
N80, S25 (B), N100, S39 (B)
N80, S36 (B), N100, S39 (B)
N80, S37 (B), N100, S39 (B)
N80, S38 (B), N100, S39 (B)
N82, S25 (B), N97, S34 (B)
N82, S26 (B), N109, S35 (B), N97, S34 (B)
N93, S32, N97, S35 (B), N109, S42 (B), N108, S33
