--- About the graph ---
Total of vertices (all kinds): 261
Hypothetic vertices: 53 / 261 (20.306513%)
Subnet vertices: 126 / 261 (48.275862%)
Known subnet vertices: 73 / 126 (57.936508%)

--- Subnet mappings ---
S1 = 5.255.95.74/31
S2 = 46.249.63.242/31
S3 = 185.53.163.134/31
S4 = 185.8.177.34/31
S5 = 185.8.177.46/31
S6 = 5.255.95.96/29
S7 = 46.249.60.204/30
S8 = 178.21.17.128/26
S9 = 185.8.176.16/28
S10 = 185.53.160.192/27
S11 = 185.116.166.0/27
S12 = 185.181.165.200/29
S13 = 185.53.160.128/29
S14 = 5.178.67.24/30
S15 = 45.13.59.6/31
S16 = 45.13.59.142/31
S17 = 45.13.59.220/30
S18 = 45.13.59.224/29
S19 = 93.158.217.90/31
S20 = 5.255.64.214/32
S21 = 5.255.66.224/28
S22 = 5.255.82.20/30
S23 = 46.249.36.40/29
S24 = 46.249.45.62/31
S25 = 46.249.47.20/31
S26 = 88.218.132.0/28
S27 = 91.195.81.40/30
S28 = 91.195.81.104/30
S29 = 93.158.201.132/30
S30 = 93.158.201.176/28
S31 = 93.158.222.68/30
S32 = 178.21.23.226/31
S33 = 185.12.13.64/27
S34 = 5.178.67.0/29
S35 = 5.255.80.0/26
S36 = 5.255.85.176/28
S37 = 5.255.91.148/30
S38 = 31.186.174.32/29
S39 = 31.186.174.44/30
S40 = 31.186.174.80/28
S41 = 93.158.217.184/30
S42 = 146.185.253.0/28
S43 = 45.13.59.144/30
S44 = 93.158.217.72/30
S45 = 93.158.217.232/30
S46 = 46.249.55.194/31
S47 = 46.243.152.0/23
S48 = 46.243.155.168/29
S49 = 46.243.190.0/23
S50 = 185.145.24.0/22
S51 = 188.72.68.0/23
S52 = 188.120.32.0/24
S53 = 188.120.33.0/25
S54 = 188.120.35.160/29
S55 = 188.120.46.0/24
S56 = 188.120.47.176/28
S57 = 188.120.47.0/27
S58 = 188.120.35.136/29
S59 = 46.243.189.0/24
S60 = 178.170.154.0/24
S61 = 188.120.44.0/24
S62 = 193.32.168.0/30
S63 = 46.249.55.204/31
S64 = 46.249.55.212/30
S65 = 46.249.55.192/31
S66 = 178.21.16.78/31
S67 = 185.8.177.32/31
S68 = 185.53.163.40/31
S69 = 185.8.177.44/31
S70 = 91.221.69.128/26
S71 = 103.196.240.0/26
S72 = 185.53.162.224/29
S73 = 46.249.60.200/30

--- Top (neighborhood) degrees ---
Degree 1: N1, N14, N140, N3, N4, N5, N69, N71, N8, N81
Degree 2: 60 neighborhoods
Degree 3: 12 neighborhoods
Degree 4: N125, N130, N131, N33, N39, N65, N7, N98
Degree 5: N12, N13, N137, N49, N62, N77, N78, N82, N86, N88
Degree 6: N143, N35, N37, N76, N84
Degree 7: N136, N47
Degree 8: N135, N145, N45, N59, N79
Degree 9: N128, N29, N83
Degree 10: N122, N32, N46, N60
Degree 11: N61
Degree 12: N50, N51
Degree 13: N36
Degree 15: N42
Degree 18: N10, N11, N40, N41, N66
Degree 19: N141
Degree 21: N52
Degree 24: N54
Degree 26: N38
Degree 38: N124, N43
Degree 43: N148
Degree 47: N149
Degree 53: N146
Degree 54: N16
Degree 55: N147
Degree 65: N150
Degree 81: N95
Degree 90: N23
Degree 94: N138
Degree 378: N132
Degree 382: N139
Degree 393: N31
Degree 421: N89
Degree 632: N72
Degree 639: N53

--- Bottom (subnet) degrees ---
Degree 1: 3843 subnets
Degree 2: 38 subnets
Degree 3: 26 subnets
Degree 4: 5.255.66.224/28, 46.249.36.40/29, 91.195.81.104/30 (sound), 146.185.253.0/28, 185.145.24.0/22 (sound), 193.32.168.0/30 (sound)
Degree 5: 5.255.80.0/26, 46.243.152.0/23
Degree 8: 188.72.68.0/23 (sound)

--- Base cycles ---
N122, S59, N124, S60
N16, T5, N23, T11, N31, T14, N33, T40, N139, T38, N138, T9
N16, T7, N89, S19 (B), N130, S62, N136, S66, N132, T8
N16, T7, N89, S44
N16, T7, N89, S46, N95, S65, N132, T8
N23, S1 (B), N138, T38, N139, T40, N33, T14, N31, T11
N23, S3 (B), N138, T38, N139, T40, N33, T14, N31, T11
N23, S4, N29, S67, N138, T38, N139, T40, N33, T14, N31, T11
N23, S5, N41, S69, N138, T38, N139, T40, N33, T14, N31, T11
N31, S11, N139, T40, N33, T14
N31, S6, N139, T40, N33, T14
N31, S8, N139, T40, N33, T14
N31, S9, N139, T40, N33, T14
N31, T13, N32, T39, N139, T40, N33, T14
N43, T19, N53, S28, N72, T20
N53, S20 (B), N72, S28
N53, S21, N72, S28
N53, S22, N72, S28
N53, S23, N72, S28
N53, S24 (B), N72, S28
N53, S25 (B), N72, S28
N53, S27, N72, S28
N53, S28, N72, S29
N53, S28, N72, S30
N53, T22, N54, T23, N72, S28
N95, S56, N122, S60, N124, S57
