--- About the graph ---
Total of vertices (all kinds): 337
Hypothetic vertices: 75 / 337 (22.255193%)
Subnet vertices: 161 / 337 (47.774481%)
Known subnet vertices: 86 / 161 (53.416149%)

--- Subnet mappings ---
S1 = 64.94.189.128/25
S2 = 74.201.136.64/30
S3 = 75.98.32.8/31
S4 = 75.98.33.32/28
S5 = 75.98.32.11/32
S6 = 74.201.137.64/30
S7 = 216.52.95.0/25
S8 = 64.74.245.12/30
S9 = 74.201.131.192/31
S10 = 74.201.138.16/30
S11 = 74.201.136.16/30
S12 = 64.74.240.192/30
S13 = 74.201.136.10/31
S14 = 162.248.95.240/28
S15 = 74.201.164.148/30
S16 = 63.251.26.32/30
S17 = 64.74.243.196/30
S18 = 64.94.185.0/25
S19 = 74.201.136.94/31
S20 = 74.201.136.200/30
S21 = 74.201.254.252/30
S22 = 74.217.54.96/29
S23 = 64.74.245.240/29
S24 = 64.94.177.0/30
S25 = 64.94.177.18/31
S26 = 64.95.46.176/30
S27 = 64.95.46.180/30
S28 = 70.42.41.248/29
S29 = 70.42.45.20/30
S30 = 74.201.138.72/29
S31 = 74.201.139.204/30
S32 = 74.201.164.8/30
S33 = 74.201.179.40/30
S34 = 74.201.195.88/30
S35 = 74.201.198.16/30
S36 = 74.201.254.48/28
S37 = 74.217.50.16/30
S38 = 74.217.55.162/31
S39 = 64.74.240.208/29
S40 = 74.201.254.64/29
S41 = 74.201.254.240/30
S42 = 216.52.93.92/30
S43 = 74.201.138.0/30
S44 = 75.98.62.224/30
S45 = 74.201.138.80/31
S46 = 64.94.190.232/30
S47 = 64.94.177.68/30
S48 = 64.74.242.94/31
S49 = 64.74.242.108/30
S50 = 70.42.41.24/30
S51 = 70.42.45.120/30
S52 = 74.201.254.108/30
S53 = 74.217.49.134/31
S54 = 74.217.49.168/30
S55 = 74.217.49.176/30
S56 = 74.217.50.26/31
S57 = 74.201.152.98/31
S58 = 74.201.254.86/31
S59 = 74.201.254.82/31
S60 = 74.217.51.24/30
S61 = 75.98.40.40/29
S62 = 74.201.129.180/30
S63 = 74.201.129.248/30
S64 = 64.74.252.0/24
S65 = 64.74.254.68/30
S66 = 64.94.177.196/30
S67 = 70.42.39.144/29
S68 = 216.52.93.228/30
S69 = 74.201.138.20/30
S70 = 74.201.150.242/31
S71 = 104.153.107.128/25
S72 = 74.201.136.20/30
S73 = 74.201.136.12/30
S74 = 70.42.47.32/30
S75 = 63.251.17.48/30
S76 = 64.74.240.232/30
S77 = 64.94.177.8/30
S78 = 74.201.164.154/31
S79 = 74.217.51.8/30
S80 = 74.201.138.84/30
S81 = 74.217.49.236/30
S82 = 75.98.62.230/31
S83 = 216.52.90.0/23
S84 = 74.201.138.4/30
S85 = 74.201.136.72/30
S86 = 74.201.254.96/29

--- Top (neighborhood) degrees ---
Degree 1: 98 neighborhoods
Degree 2: 77 neighborhoods
Degree 3: 28 neighborhoods
Degree 4: 12 neighborhoods
Degree 5: 11 neighborhoods
Degree 6: N152, N199, N203, N228, N246, N255
Degree 7: N2
Degree 8: N134, N180
Degree 9: N220, N231, N253
Degree 11: N208, N269
Degree 12: N265
Degree 13: N177
Degree 14: N162, N163, N277
Degree 15: N122
Degree 17: N271
Degree 18: N137, N176
Degree 19: N274
Degree 21: N136
Degree 22: N121
Degree 23: N261
Degree 25: N133, N254
Degree 26: N244, N270
Degree 30: N123, N272
Degree 31: N175, N256
Degree 32: N204, N234
Degree 37: N202, N247
Degree 41: N141
Degree 43: N14, N240
Degree 57: N189
Degree 62: N132
Degree 68: N125
Degree 71: N182
Degree 72: N155
Degree 80: N135
Degree 97: N126
Degree 118: N130
Degree 170: N178
Degree 171: N243

--- Bottom (subnet) degrees ---
Degree 1: 1878 subnets
Degree 2: 70 subnets
Degree 3: 15 subnets
Degree 9: 216.52.95.0/25 (sound)

--- Base cycles ---
N120, S3 (B), N121, S4
N120, S3 (B), N122, S4
N132, S7, N182, S39
N132, S7, N182, S40
N132, S7, N256, S83
N133, S7, N256, S80
N133, S7, N256, S81
N133, S7, N256, S82 (B)
N135, S14, N243, S71
N135, S7, N240, S71
N135, S7, N240, S72, N244, S18, N141, S11
N135, S7, N240, S73, N247, S27, N155, S13
N135, S7, N240, S73, N247, S27, N155, S36
N182, S7, N256, S86, N261, T37, N196, T24, N189, S43
N256, S84, N261, S86
