--- About the graph ---
Total of vertices (all kinds): 264
Hypothetic vertices: 49 / 264 (18.560606%)
Subnet vertices: 127 / 264 (48.106061%)
Known subnet vertices: 78 / 127 (61.417323%)

--- Subnet mappings ---
S1 = 103.196.240.0/28
S2 = 146.185.253.0/28
S3 = 178.21.16.72/31
S4 = 178.21.17.138/31
S5 = 178.21.17.172/31
S6 = 185.116.166.0/27
S7 = 185.12.13.64/27
S8 = 185.53.160.128/28
S9 = 185.53.162.224/29
S10 = 185.53.163.128/29
S11 = 185.53.163.40/31
S12 = 185.8.176.0/26
S13 = 185.8.177.32/29
S14 = 185.8.179.32/31
S15 = 185.8.179.34/31
S16 = 185.8.179.37/32
S17 = 185.8.179.38/31
S18 = 188.120.35.136/29
S19 = 193.23.143.200/29
S20 = 193.23.143.244/31
S21 = 193.23.143.70/31
S22 = 193.23.143.88/30
S23 = 194.247.30.108/30
S24 = 194.247.30.160/30
S25 = 194.247.31.20/31
S26 = 194.247.31.8/30
S27 = 194.247.31.80/30
S28 = 31.186.174.32/29
S29 = 31.186.174.44/30
S30 = 31.186.174.80/28
S31 = 37.1.200.0/30
S32 = 37.1.200.4/30
S33 = 37.1.201.8/29
S34 = 37.49.228.136/31
S35 = 46.243.152.0/23
S36 = 46.243.155.160/28
S37 = 46.249.35.0/27
S38 = 46.249.36.36/30
S39 = 46.249.36.40/29
S40 = 46.249.36.48/30
S41 = 46.249.38.14/31
S42 = 46.249.43.128/26
S43 = 46.249.47.16/29
S44 = 46.249.55.192/31
S45 = 46.249.63.242/31
S46 = 46.249.63.252/30
S47 = 5.178.67.0/29
S48 = 5.178.67.24/31
S49 = 5.255.64.208/29
S50 = 5.255.66.208/29
S51 = 5.255.66.232/29
S52 = 5.255.80.0/28
S53 = 5.255.82.20/30
S54 = 5.255.95.96/27
S55 = 5.45.66.0/28
S56 = 5.45.70.0/29
S57 = 5.45.70.8/30
S58 = 91.195.80.56/29
S59 = 91.195.81.106/31
S60 = 91.198.106.128/28
S61 = 91.198.106.144/32
S62 = 91.198.106.148/30
S63 = 91.198.106.178/32
S64 = 91.198.106.179/32
S65 = 91.198.106.18/31
S66 = 91.198.106.184/32
S67 = 91.198.106.185/32
S68 = 91.198.106.186/31
S69 = 91.198.106.232/30
S70 = 91.198.106.36/30
S71 = 91.198.106.80/29
S72 = 91.198.106.92/31
S73 = 91.198.106.94/31
S74 = 93.158.201.176/29
S75 = 93.158.217.144/30
S76 = 93.158.217.96/31
S77 = 93.158.217.98/31
S78 = 93.158.222.68/30

--- Degree analysis ---
New figure saved in AS50673_02-01-2020_bip_degree_CDFs.pdf
New figure saved in AS50673_02-01-2020_bip_top_local_density.pdf
Maximum top (neighborhood) degree: 632
Maximum bottom (subnet) degree: 632

--- Base cycles ---
New figure saved in AS50673_02-01-2020_bip_cycles.pdf
N131, S56, N156, S72
N131, S57, N156, S72
N131, S58, N156, S72
N131, S59, N156, S72
N131, S60, N156, S72
N131, S61, N156, S72
N131, S62, N156, S72
N131, S64, N156, S72
N131, S65, N156, S72
N131, S66, N156, S72
N131, S67, N156, S72
N131, S68, N156, S72
N131, S69, N156, S72
N131, S70, N156, S72
N131, S71, N156, S72
N131, S72, N156, S73
N131, S72, N156, S74
N131, S72, N156, S75
N131, S72, N156, S76
N33, T5, N61, S16, N77, T6
N33, T5, N61, S18, N77, T6
N33, T5, N61, S19, N77, T6
N33, T5, N61, S21, N77, T6
N33, T5, N61, S23, N77, T6
N33, T5, N61, T23, N62, T27, N77, T6
N33, T5, N61, T24, N64, T28, N77, T6
N33, T5, N61, T25, N65, T29, N77, T6
N91, S29, N107, S35
N91, S30, N107, S35
N91, S31, N107, S35
N91, S32, N107, S35
N91, S33, N107, S35
N91, S34, N107, S35
N91, S35, N107, S36
N91, T31, N92, T32, N107, S35
