--- About the graph ---
Total of vertices (all kinds): 258
Hypothetic vertices: 47 / 258 (18.217054%)
Subnet vertices: 122 / 258 (47.286822%)
Known subnet vertices: 75 / 122 (61.475410%)

--- Subnet mappings ---
S1 = 103.196.240.0/28
S2 = 146.185.253.0/28
S3 = 178.21.16.74/31
S4 = 178.21.17.138/31
S5 = 178.21.17.168/29
S6 = 185.116.166.0/27
S7 = 185.12.13.64/27
S8 = 185.53.160.128/29
S9 = 185.53.161.186/31
S10 = 185.53.162.224/29
S11 = 185.53.163.40/31
S12 = 185.8.176.16/28
S13 = 185.8.177.32/31
S14 = 185.8.179.34/31
S15 = 185.8.179.36/32
S16 = 185.8.179.37/32
S17 = 185.8.179.38/31
S18 = 188.120.35.136/29
S19 = 193.23.143.200/29
S20 = 193.23.143.244/31
S21 = 193.23.143.70/31
S22 = 193.23.143.88/29
S23 = 194.247.30.108/30
S24 = 194.247.30.160/30
S25 = 194.247.31.20/30
S26 = 194.247.31.8/30
S27 = 194.247.31.80/30
S28 = 31.186.174.32/29
S29 = 31.186.174.44/30
S30 = 31.186.174.80/28
S31 = 37.1.200.2/31
S32 = 37.1.200.4/30
S33 = 37.1.201.8/30
S34 = 37.49.228.0/24
S35 = 46.243.152.0/23
S36 = 46.243.155.160/28
S37 = 46.249.35.16/28
S38 = 46.249.36.36/30
S39 = 46.249.36.40/29
S40 = 46.249.36.48/30
S41 = 46.249.38.0/26
S42 = 46.249.38.160/27
S43 = 46.249.47.16/29
S44 = 46.249.55.192/31
S45 = 46.249.63.192/26
S46 = 5.178.67.0/29
S47 = 5.178.67.24/31
S48 = 5.255.64.208/29
S49 = 5.255.66.208/29
S50 = 5.255.66.232/29
S51 = 5.255.80.0/28
S52 = 5.255.82.0/26
S53 = 5.255.95.96/27
S54 = 5.45.66.0/28
S55 = 5.45.70.0/29
S56 = 5.45.70.8/31
S57 = 91.195.81.106/31
S58 = 91.198.106.128/28
S59 = 91.198.106.144/32
S60 = 91.198.106.148/30
S61 = 91.198.106.176/30
S62 = 91.198.106.18/31
S63 = 91.198.106.184/32
S64 = 91.198.106.185/32
S65 = 91.198.106.186/31
S66 = 91.198.106.232/30
S67 = 91.198.106.36/30
S68 = 91.198.106.80/29
S69 = 91.198.106.92/31
S70 = 91.198.106.94/31
S71 = 91.221.69.128/26
S72 = 93.158.201.176/29
S73 = 93.158.217.144/30
S74 = 93.158.217.76/31
S75 = 93.158.222.68/30

--- Degree analysis ---
New figure saved in AS50673_10-03-2020_bip_degree_CDFs.pdf
New figure saved in AS50673_10-03-2020_bip_top_local_density.pdf
Maximum top (neighborhood) degree: 655
Maximum bottom (subnet) degree: 655

--- Base cycles ---
New figure saved in AS50673_10-03-2020_bip_cycles.pdf
N123, S54, N148, S73
N123, S55, N148, S73
N123, S56, N148, S73
N123, S57, N148, S73
N123, S58, N148, S73
N123, S59, N148, S73
N123, S60, N148, S73
N123, S61, N148, S73
N123, S62, N148, S73
N123, S63, N148, S73
N123, S64, N148, S73
N123, S65, N148, S73
N123, S66, N148, S73
N123, S67, N148, S73
N123, S68, N148, S73
N123, S69, N148, S73
N123, S70, N148, S73
N123, S71, N148, S73
N123, S72, N148, S73
N19, T3, N82, S30, N106, T4
N19, T3, N82, S31, N106, T4
N19, T3, N82, S33, N106, T4
N19, T3, N82, S39, N106, T4
N19, T3, N82, S40, N106, T4
N19, T3, N82, S42, N106, T4
N19, T3, N82, S43, N106, T4
N25, T7, N65, T26, N68, T29, N75, T8
N65, S19, N75, T29, N68, T26
N65, S20, N75, T29, N68, T26
N65, S21, N75, T29, N68, T26
N65, S23, N75, T29, N68, T26
N65, S24, N75, T29, N68, T26
N65, T24, N66, T27, N75, T29, N68, T26
N65, T25, N67, T28, N75, T29, N68, T26
