--- About the graph ---
Total of vertices (all kinds): 284
Hypothetic vertices: 64 / 284 (22.535211%)
Subnet vertices: 136 / 284 (47.887324%)
Known subnet vertices: 72 / 136 (52.941176%)

--- Subnet mappings ---
S1 = 103.196.240.0/28
S2 = 146.185.253.0/28
S3 = 178.21.17.172/31
S4 = 185.116.166.0/25
S5 = 185.12.13.64/27
S6 = 185.53.160.128/28
S7 = 185.53.162.228/30
S8 = 185.53.163.134/31
S9 = 185.53.163.41/32
S10 = 185.53.163.42/31
S11 = 185.8.176.0/27
S12 = 185.8.177.32/31
S13 = 185.8.179.32/31
S14 = 185.8.179.34/32
S15 = 185.8.179.36/31
S16 = 185.8.179.38/31
S17 = 188.120.33.0/25
S18 = 188.120.35.128/27
S19 = 193.23.143.200/29
S20 = 193.23.143.224/27
S21 = 193.23.143.70/31
S22 = 193.23.143.88/29
S23 = 194.247.30.108/30
S24 = 194.247.30.160/30
S25 = 194.247.31.16/29
S26 = 194.247.31.8/30
S27 = 194.247.31.80/29
S28 = 31.186.174.32/29
S29 = 31.186.174.44/30
S30 = 31.186.174.80/28
S31 = 37.1.200.0/27
S32 = 37.1.201.8/29
S33 = 37.49.228.128/26
S34 = 46.243.152.0/23
S35 = 46.243.155.128/26
S36 = 46.249.35.0/27
S37 = 46.249.36.36/30
S38 = 46.249.36.40/30
S39 = 46.249.36.48/30
S40 = 46.249.43.128/29
S41 = 46.249.43.64/26
S42 = 46.249.47.16/29
S43 = 46.249.55.193/32
S44 = 46.249.63.242/31
S45 = 46.249.63.248/29
S46 = 5.178.67.0/28
S47 = 5.178.67.25/32
S48 = 5.255.64.214/31
S49 = 5.255.66.224/28
S50 = 5.255.80.0/29
S51 = 5.255.80.8/29
S52 = 5.255.82.20/30
S53 = 5.255.94.128/25
S54 = 5.255.95.100/31
S55 = 5.45.66.0/28
S56 = 5.45.70.0/29
S57 = 5.45.70.8/31
S58 = 91.195.80.56/29
S59 = 91.195.81.104/30
S60 = 91.198.106.0/27
S61 = 91.198.106.128/28
S62 = 91.198.106.144/28
S63 = 91.198.106.160/27
S64 = 91.198.106.232/30
S65 = 91.198.106.36/30
S66 = 91.198.106.64/26
S67 = 93.158.201.176/29
S68 = 93.158.217.144/30
S69 = 93.158.217.184/29
S70 = 93.158.217.96/31
S71 = 93.158.217.99/32
S72 = 93.158.222.68/30

--- Degree analysis ---
New figure saved in AS50673_30-12-2019_bip_degree_CDFs.pdf
New figure saved in AS50673_30-12-2019_bip_top_local_density.pdf
Maximum top (neighborhood) degree: 603
Maximum bottom (subnet) degree: 603

--- Base cycles ---
New figure saved in AS50673_30-12-2019_bip_cycles.pdf
N163, S2, N164, S3
N22, T3, N23, S2, N164, T5
N22, T4, N163, S2, N164, T5
N22, T5, N164, S3, N28, S72, N165, T6
N23, S1, N163, S2
N23, S2, N164, S3
N91, S28, N111, S32
N91, S29, N111, S32
N91, S30, N111, S32
N91, S32, N111, S33
N91, S32, N111, S37
N91, S32, N111, S38
N91, S32, N111, T38, N92, T36
