--- About the graph ---
Total of vertices (all kinds): 279
Hypothetic vertices: 53 / 279 (18.996416%)
Subnet vertices: 134 / 279 (48.028674%)
Known subnet vertices: 81 / 134 (60.447761%)

--- Subnet mappings ---
S1 = 216.52.95.0/26
S2 = 64.74.245.12/30
S3 = 74.201.131.192/31
S4 = 74.201.138.16/30
S5 = 162.248.95.240/28
S6 = 74.201.136.16/30
S7 = 64.74.240.192/29
S8 = 74.201.136.8/30
S9 = 74.201.164.148/30
S10 = 74.201.136.64/30
S11 = 64.94.185.0/25
S12 = 74.201.136.92/30
S13 = 74.201.136.200/30
S14 = 74.201.254.252/30
S15 = 74.217.54.96/29
S16 = 64.74.240.224/30
S17 = 64.74.243.196/30
S18 = 64.74.245.244/30
S19 = 64.94.177.0/30
S20 = 64.94.177.16/30
S21 = 64.95.46.176/30
S22 = 64.95.46.180/30
S23 = 70.42.41.248/29
S24 = 74.201.138.72/29
S25 = 74.201.139.204/30
S26 = 74.201.164.8/30
S27 = 74.201.179.40/30
S28 = 74.201.195.88/30
S29 = 74.201.198.16/30
S30 = 74.201.254.48/28
S31 = 74.217.50.16/29
S32 = 74.217.55.160/30
S33 = 74.201.137.64/30
S34 = 64.74.240.208/29
S35 = 64.94.190.232/30
S36 = 74.201.138.32/30
S37 = 74.201.254.64/28
S38 = 74.201.254.240/30
S39 = 216.52.93.92/30
S40 = 74.201.138.0/30
S41 = 75.98.62.224/30
S42 = 74.201.138.80/30
S43 = 64.94.177.68/30
S44 = 64.74.242.92/30
S45 = 64.74.242.108/30
S46 = 70.42.41.24/30
S47 = 70.42.45.120/30
S48 = 74.201.254.108/30
S49 = 74.217.49.132/30
S50 = 74.217.49.168/30
S51 = 74.217.49.176/30
S52 = 74.217.50.24/30
S53 = 74.201.152.96/30
S54 = 74.201.254.84/30
S55 = 74.201.254.80/30
S56 = 74.217.51.24/30
S57 = 75.98.40.40/29
S58 = 74.201.129.180/30
S59 = 74.201.129.248/30
S60 = 64.74.252.192/26
S61 = 64.74.254.68/30
S62 = 70.42.39.144/29
S63 = 74.201.138.20/30
S64 = 74.201.150.240/30
S65 = 104.153.107.128/25
S66 = 74.201.136.20/30
S67 = 74.201.136.12/30
S68 = 70.42.47.32/30
S69 = 63.251.17.48/30
S70 = 64.74.240.232/30
S71 = 64.94.177.8/30
S72 = 74.201.164.152/30
S73 = 74.217.51.8/29
S74 = 74.201.138.36/30
S75 = 74.201.138.84/30
S76 = 75.98.62.228/30
S77 = 74.217.49.236/30
S78 = 74.201.138.4/30
S79 = 74.201.136.72/30
S80 = 74.201.254.96/29
S81 = 64.94.189.128/25

--- Top (neighborhood) degrees ---
Degree 1: 97 neighborhoods
Degree 2: 63 neighborhoods
Degree 3: 20 neighborhoods
Degree 4: 18 neighborhoods
Degree 5: N148, N174, N183, N195, N197, N216, N227
Degree 6: N121, N141, N170, N212
Degree 7: N181, N250
Degree 8: N11, N147
Degree 9: N189, N213
Degree 12: N235
Degree 13: N237
Degree 16: N242
Degree 17: N111
Degree 18: N244
Degree 19: N192
Degree 21: N240, N247
Degree 23: N145
Degree 24: N133, N134, N220
Degree 25: N146
Degree 26: N205
Degree 31: N241
Degree 32: N207
Degree 35: N173
Degree 36: N108
Degree 40: N214, N236
Degree 41: N200
Degree 43: N116
Degree 48: N238
Degree 52: N92
Degree 53: N93
Degree 54: N162
Degree 56: N154
Degree 63: N110
Degree 65: N149
Degree 72: N126
Degree 80: N15
Degree 127: N151
Degree 134: N150
Degree 249: N115
Degree 257: N204

--- Bottom (subnet) degrees ---
Degree 1: 2072 subnets
Degree 2: 71 subnets
Degree 3: 64.94.185.0/25, 64.95.46.180/30 (sound), 74.201.131.192/31, 74.201.254.48/28, 64.74.240.208/29, 74.201.254.64/28 (sound), 162.248.95.240/28 (sound), 104.153.107.128/25, 74.201.254.96/29
Degree 6: 216.52.95.0/26 (sound)

--- Base cycles ---
N108, S1, N154, S34
N110, S1, N200, S67, N207, S22, N126, S8
N110, S3 (B), N200, S67, N207, S22, N126, S8
N110, S5, N204, S65
N110, S6, N116, T4, N117, T19, N205, S66, N200, S67, N207, S22, N126, S8
N110, S8, N126, S22, N207, S67, N200, S65
N110, S8, N126, S30
N116, T4, N117, T19, N205, S11
N116, T4, N117, T19, N205, S66, N200, S1, N154, S37
N154, S1, N214, S80, N220, T22, N167, T11, N162, S40
N214, S78, N220, S80
