--- About the graph ---
Total of vertices (all kinds): 276
Hypothetic vertices: 51 / 276 (18.478261%)
Subnet vertices: 132 / 276 (47.826087%)
Known subnet vertices: 81 / 132 (61.363636%)

--- Subnet mappings ---
S1 = 64.74.245.14/31
S2 = 74.201.131.192/31
S3 = 74.201.138.18/31
S4 = 162.248.95.240/28
S5 = 74.201.136.18/31
S6 = 64.74.240.194/31
S7 = 74.201.136.10/31
S8 = 74.201.150.224/28
S9 = 74.201.136.64/30
S10 = 64.74.243.196/30
S11 = 74.201.136.92/30
S12 = 74.201.136.200/30
S13 = 74.201.254.252/30
S14 = 74.217.54.96/29
S15 = 64.74.240.224/30
S16 = 64.74.245.244/30
S17 = 64.94.172.68/30
S18 = 64.94.177.0/30
S19 = 64.94.177.16/30
S20 = 64.95.46.176/30
S21 = 64.95.46.180/30
S22 = 70.42.41.248/29
S23 = 70.42.45.20/30
S24 = 74.201.139.204/30
S25 = 74.201.152.112/29
S26 = 74.201.164.8/30
S27 = 74.201.179.40/30
S28 = 74.201.195.88/30
S29 = 74.201.198.16/30
S30 = 74.201.254.48/30
S31 = 74.217.50.16/29
S32 = 74.217.55.160/30
S33 = 64.94.171.4/30
S34 = 74.201.137.64/30
S35 = 64.74.240.208/29
S36 = 64.74.245.206/31
S37 = 74.201.138.50/31
S38 = 74.201.254.64/28
S39 = 74.201.254.242/31
S40 = 74.201.138.2/31
S41 = 75.98.62.226/31
S42 = 74.201.254.226/31
S43 = 64.94.177.70/31
S44 = 64.74.242.94/31
S45 = 70.42.41.24/30
S46 = 70.42.45.120/30
S47 = 74.201.254.108/30
S48 = 74.217.49.168/30
S49 = 74.217.49.176/30
S50 = 74.217.50.24/30
S51 = 74.201.152.96/30
S52 = 74.201.254.84/30
S53 = 74.201.254.80/30
S54 = 74.217.51.24/30
S55 = 75.98.40.40/29
S56 = 64.74.252.192/26
S57 = 64.74.254.68/30
S58 = 74.201.138.34/31
S59 = 74.201.138.80/31
S60 = 74.201.129.180/30
S61 = 74.201.138.22/31
S62 = 104.153.107.128/25
S63 = 74.201.136.22/31
S64 = 74.201.136.14/31
S65 = 70.42.47.32/30
S66 = 63.251.17.48/30
S67 = 64.74.240.232/30
S68 = 64.94.177.8/30
S69 = 74.201.164.152/30
S70 = 74.217.51.8/29
S71 = 74.201.138.38/31
S72 = 74.201.138.52/30
S73 = 74.217.49.238/31
S74 = 216.52.90.0/23
S75 = 74.201.138.6/31
S76 = 74.201.138.86/31
S77 = 74.201.136.72/30
S78 = 74.201.254.96/29
S79 = 70.42.41.48/30
S80 = 64.94.189.128/25
S81 = 74.217.227.240/28

--- Top (neighborhood) degrees ---
Degree 1: 121 neighborhoods
Degree 2: 56 neighborhoods
Degree 3: 24 neighborhoods
Degree 4: 14 neighborhoods
Degree 5: N150, N181, N203, N218, N267
Degree 6: N146, N17, N196, N235, N258
Degree 7: N168, N20, N208, N246, N265
Degree 8: N16
Degree 9: N214, N236, N256, N268
Degree 11: N132
Degree 12: N180
Degree 14: N274
Degree 16: N134, N184
Degree 17: N136, N160
Degree 18: N261, N263
Degree 20: N182
Degree 23: N159, N242
Degree 24: N248, N249
Degree 25: N174, N221
Degree 26: N228
Degree 28: N237, N250
Degree 29: N183
Degree 31: N185
Degree 34: N222
Degree 35: N216
Degree 37: N230
Degree 39: N199, N225
Degree 42: N141
Degree 45: N223
Degree 50: N262
Degree 51: N191
Degree 53: N264
Degree 73: N25
Degree 74: N135
Degree 75: N151
Degree 98: N176
Degree 115: N175
Degree 127: N133
Degree 179: N227
Degree 190: N140

--- Bottom (subnet) degrees ---
Degree 1: 2007 subnets
Degree 2: 58 subnets
Degree 3: 21 subnets
Degree 4: 64.74.240.208/29, 74.201.254.64/28 (sound)

--- Base cycles ---
N135, S2 (B), N225, S64, N230, S25, N151, S7
N135, S5, N141, T4, N142, T16, N228, S63, N225, S64, N230, S25, N151, S7
N135, S7, N151, S25, N230, S64, N225, S62
N151, S21, N230, S25
N185, S35, N216, S36 (B)
N185, S35, N216, S38
N185, S35, N216, S39 (B)
N185, S35, N216, S40 (B)
N185, S35, N216, S41 (B)
N185, S35, N216, S42 (B)
N185, S35, N216, S43 (B)
N185, S35, N216, S44 (B)
N185, S35, N216, S58 (B)
N185, S35, N216, S59 (B)
N237, S71 (B), N248, S76 (B)
N237, S72, N248, S76 (B)
N237, S73 (B), N248, S76 (B)
N237, S75 (B), N248, S76 (B)
N242, S75 (B), N248, S78
