--- About the graph ---
Total of vertices (all kinds): 293
Hypothetic vertices: 59 / 293 (20.136519%)
Subnet vertices: 138 / 293 (47.098976%)
Known subnet vertices: 79 / 138 (57.246377%)

--- Subnet mappings ---
S1 = 64.94.189.128/25
S2 = 216.52.95.0/26
S3 = 216.52.95.64/26
S4 = 64.74.245.12/30
S5 = 74.201.131.192/31
S6 = 74.201.138.16/30
S7 = 162.248.95.128/25
S8 = 74.201.136.16/30
S9 = 64.74.240.192/29
S10 = 74.201.136.8/30
S11 = 74.201.150.224/29
S12 = 74.201.136.64/30
S13 = 64.74.243.196/30
S14 = 74.201.136.92/30
S15 = 74.201.136.200/30
S16 = 74.201.254.252/30
S17 = 74.217.54.96/29
S18 = 64.74.240.224/30
S19 = 64.74.245.244/30
S20 = 64.94.172.68/30
S21 = 64.94.177.0/30
S22 = 64.94.177.16/30
S23 = 64.95.46.176/30
S24 = 64.95.46.180/30
S25 = 70.42.41.248/29
S26 = 70.42.45.20/30
S27 = 74.201.139.204/30
S28 = 74.201.152.118/31
S29 = 74.201.164.8/30
S30 = 74.201.179.40/30
S31 = 74.201.195.88/30
S32 = 74.201.198.16/30
S33 = 74.201.254.48/28
S34 = 74.217.50.16/29
S35 = 74.217.55.160/30
S36 = 64.94.171.4/30
S37 = 74.201.137.64/30
S38 = 64.94.163.200/30
S39 = 74.201.138.36/30
S40 = 74.201.138.52/30
S41 = 74.201.138.4/30
S42 = 74.201.138.84/30
S43 = 74.201.136.72/30
S44 = 74.201.254.96/29
S45 = 70.42.41.48/30
S46 = 64.74.240.208/29
S47 = 74.201.138.32/30
S48 = 74.201.138.48/30
S49 = 74.201.138.0/30
S50 = 75.98.62.224/30
S51 = 74.201.138.80/30
S52 = 74.201.254.224/29
S53 = 64.74.242.92/30
S54 = 70.42.41.24/30
S55 = 70.42.45.120/30
S56 = 74.201.254.108/30
S57 = 74.217.49.168/30
S58 = 74.217.49.176/30
S59 = 74.217.50.24/30
S60 = 74.201.152.96/30
S61 = 74.201.254.84/30
S62 = 74.201.254.80/30
S63 = 74.217.51.24/30
S64 = 75.98.40.40/29
S65 = 74.201.129.180/30
S66 = 74.201.129.248/30
S67 = 64.74.254.68/30
S68 = 74.201.138.20/30
S69 = 104.153.107.128/25
S70 = 74.201.136.20/30
S71 = 64.74.240.240/30
S72 = 74.201.136.12/30
S73 = 70.42.47.32/30
S74 = 63.251.17.48/30
S75 = 64.74.240.232/30
S76 = 64.94.177.8/30
S77 = 74.201.164.152/30
S78 = 74.217.51.8/29
S79 = 64.94.177.196/30

--- Top (neighborhood) degrees ---
Degree 1: 93 neighborhoods
Degree 2: 66 neighborhoods
Degree 3: 23 neighborhoods
Degree 4: 15 neighborhoods
Degree 5: N117, N147, N202, N205
Degree 6: N110, N143, N198, N212, N233, N97
Degree 7: N111, N165, N185, N210, N23
Degree 8: N137
Degree 9: N109, N218, N234, N241
Degree 10: N243, N255
Degree 12: N223
Degree 14: N252
Degree 15: N133
Degree 16: N235, N248
Degree 17: N156, N254
Degree 19: N103, N244
Degree 20: N246
Degree 21: N101, N157, N187, N237, N242
Degree 23: N181
Degree 25: N102, N224
Degree 29: N247
Degree 33: N124
Degree 36: N171
Degree 37: N128, N228
Degree 38: N130
Degree 39: N201
Degree 40: N138, N220
Degree 42: N126
Degree 46: N176
Degree 54: N189
Degree 60: N193
Degree 63: N132
Degree 70: N148
Degree 73: N28
Degree 85: N173
Degree 102: N172

--- Bottom (subnet) degrees ---
Degree 1: 1486 subnets
Degree 2: 69 subnets
Degree 3: 64.95.46.180/30 (sound), 74.201.152.118/31, 74.201.254.48/28, 74.201.254.96/29, 64.74.240.208/29, 74.201.131.192/31, 74.201.254.224/29 (sound), 162.248.95.128/25, 64.94.177.196/30 (sound)
Degree 7: 216.52.95.0/26 (sound)

--- Base cycles ---
N130, S2, N189, S46
N130, S2, N235, S79, N187, S3
N132, S10, N148, S33
N132, S2, N189, S52
N132, S2, N220, S72, N228, S28 (B), N148, S33
N132, S5 (B), N220, S72, N228, S28 (B), N148, S33
N132, S8, N138, T16, N139, T28, N224, S70, N220, S72, N228, S28 (B), N148, S33
N148, S24, N228, S28 (B)
N176, S41, N181, S44
