--- About the graph ---
Total of vertices (all kinds): 284
Hypothetic vertices: 70 / 284 (24.647887%)
Subnet vertices: 140 / 284 (49.295775%)
Known subnet vertices: 70 / 140 (50.000000%)

--- Subnet mappings ---
S1 = 134.222.48.232/31
S2 = 134.222.48.222/31
S3 = 134.222.48.246/31
S4 = 134.222.48.192/31
S5 = 134.222.95.68/30
S6 = 134.222.95.128/25
S7 = 134.222.129.196/30
S8 = 134.222.101.14/31
S9 = 134.222.109.80/28
S10 = 134.222.146.254/31
S11 = 134.222.112.32/28
S12 = 134.222.116.224/31
S13 = 134.222.117.4/31
S14 = 134.222.117.36/31
S15 = 134.222.117.128/31
S16 = 134.222.134.194/31
S17 = 134.222.128.8/30
S18 = 134.222.148.140/31
S19 = 194.122.122.156/30
S20 = 134.222.48.244/31
S21 = 134.222.48.212/31
S22 = 134.222.94.212/30
S23 = 134.222.94.240/31
S24 = 194.122.122.24/30
S25 = 134.222.117.132/31
S26 = 134.222.134.152/31
S27 = 134.222.48.120/31
S28 = 134.222.49.86/31
S29 = 134.222.160.0/21
S30 = 194.122.122.40/30
S31 = 134.222.48.156/31
S32 = 134.222.48.174/31
S33 = 134.222.48.158/31
S34 = 194.122.122.44/30
S35 = 134.222.119.24/31
S36 = 194.122.122.60/30
S37 = 194.122.122.68/30
S38 = 134.222.48.122/31
S39 = 134.222.48.200/31
S40 = 134.222.117.224/31
S41 = 134.222.48.194/31
S42 = 134.222.116.194/31
S43 = 134.222.117.38/31
S44 = 134.222.117.130/31
S45 = 134.222.117.188/31
S46 = 134.222.138.144/28
S47 = 134.222.139.64/26
S48 = 134.222.49.56/31
S49 = 134.222.48.206/31
S50 = 134.222.96.250/31
S51 = 134.222.152.100/31
S52 = 134.222.153.70/31
S53 = 194.122.122.96/30
S54 = 134.222.48.230/31
S55 = 134.222.96.192/27
S56 = 134.222.153.248/31
S57 = 134.222.153.252/31
S58 = 134.222.155.238/31
S59 = 134.222.48.216/31
S60 = 134.222.49.108/31
S61 = 134.222.49.48/31
S62 = 134.222.236.0/29
S63 = 194.122.122.108/30
S64 = 194.122.122.112/30
S65 = 134.222.48.68/31
S66 = 134.222.105.196/30
S67 = 194.122.122.132/30
S68 = 134.222.48.112/31
S69 = 194.122.122.140/30
S70 = 194.122.122.144/30

--- Top (neighborhood) degrees ---
Degree 1: N1, N3, N5, N6, N9
Degree 2: 64 neighborhoods
Degree 3: 17 neighborhoods
Degree 4: N123, N137, N14, N20, N49, N51, N67, N81, N84
Degree 5: 12 neighborhoods
Degree 6: N139, N151, N22, N54, N72, N76, N99
Degree 7: N108, N21, N46, N53, N90
Degree 8: N103, N141, N145, N150, N57, N65, N69, N87
Degree 9: N80
Degree 10: N148
Degree 11: N96
Degree 12: N146
Degree 13: N149, N44
Degree 14: N59, N89, N97
Degree 16: N39
Degree 17: N113, N48
Degree 19: N91
Degree 20: N70, N77
Degree 21: N85
Degree 23: N35
Degree 25: N36
Degree 28: N128
Degree 30: N111
Degree 33: N47
Degree 38: N140
Degree 48: N122
Degree 49: N142
Degree 54: N120
Degree 76: N12

--- Bottom (subnet) degrees ---
Degree 1: 760 subnets
Degree 2: 47 subnets
Degree 3: 21 subnets
Degree 4: 134.222.48.222/31, 134.222.48.120/31

--- Base cycles ---
N12, S1 (B), N120, S53, N119, T36
N12, S1 (B), N35, S2 (B), N69, T30
N12, T23, N44, S6, N69, T30
N12, T25, N53, S9, N96, T35
N12, T30, N69, S19, N111, S39, N97, S37, N96, T35
N12, T30, N69, S2 (B), N122, S54, N120, S53, N119, T36
N12, T30, N69, S2 (B), N122, S55, N120, S53, N119, T36
N12, T30, N69, S2 (B), N36, S4, N39, S46, N108, S41 (B), N112, S48 (B), N111, S39, N97, S37, N96, T35
N12, T30, N69, S2 (B), N36, S47, N108, S41 (B), N112, S48 (B), N111, S39, N97, S37, N96, T35
N12, T31, N76, S24, N77, S27 (B), N101, S41 (B), N112, S48 (B), N111, S39, N97, S37, N96, T35
N12, T32, N84, S30, N85, S31 (B), N91, S32 (B), N88, S33 (B), N142, S64, N141, T38
N12, T33, N90, S34, N91, S32 (B), N88, S33 (B), N142, S64, N141, T38
N70, S19, N111, S49 (B)
N70, S48 (B), N111, S49 (B)
N77, S27 (B), N103, S42 (B)
N77, S27 (B), N103, S43 (B)
N77, S27 (B), N103, S44 (B)
N77, S27 (B), N103, S45 (B)
N80, S27 (B), N101, S40 (B)
N80, S28 (B), N112, S41 (B), N101, S40 (B)
N87, S31 (B), N91, S32 (B)
N97, S38, N101, S41 (B), N112, S48 (B), N111, S39
