--- About the graph ---
Total of vertices (all kinds): 248
Hypothetic vertices: 59 / 248 (23.790323%)
Subnet vertices: 114 / 248 (45.967742%)
Known subnet vertices: 55 / 114 (48.245614%)

--- Subnet mappings ---
S1 = 103.196.240.0/28
S2 = 146.185.253.0/28
S3 = 178.21.16.74/31
S4 = 178.21.17.168/29
S5 = 185.116.166.0/27
S6 = 185.12.13.64/27
S7 = 185.53.161.186/31
S8 = 185.53.162.224/27
S9 = 185.53.163.40/31
S10 = 185.8.176.16/28
S11 = 185.8.177.32/31
S12 = 185.8.179.32/28
S13 = 188.120.35.128/27
S14 = 193.23.143.192/28
S15 = 193.23.143.224/27
S16 = 193.23.143.70/31
S17 = 193.23.143.80/28
S18 = 194.247.30.108/30
S19 = 194.247.30.160/30
S20 = 194.247.31.16/29
S21 = 194.247.31.8/30
S22 = 194.247.31.80/29
S23 = 31.186.174.32/29
S24 = 31.186.174.44/30
S25 = 31.186.174.80/28
S26 = 37.1.200.0/27
S27 = 37.1.201.8/30
S28 = 46.243.152.0/23
S29 = 46.249.36.32/29
S30 = 46.249.36.40/30
S31 = 46.249.36.48/30
S32 = 46.249.38.160/27
S33 = 46.249.38.32/27
S34 = 46.249.55.192/31
S35 = 46.249.63.192/26
S36 = 5.178.67.24/31
S37 = 5.255.64.214/32
S38 = 5.255.66.232/29
S39 = 5.255.80.0/28
S40 = 5.255.82.0/26
S41 = 5.255.95.96/29
S42 = 5.45.66.0/28
S43 = 5.45.70.0/29
S44 = 5.45.70.8/30
S45 = 91.195.81.104/29
S46 = 91.198.106.128/28
S47 = 91.198.106.144/28
S48 = 91.198.106.16/30
S49 = 91.198.106.160/27
S50 = 91.198.106.232/30
S51 = 91.198.106.36/30
S52 = 91.198.106.64/26
S53 = 93.158.201.176/29
S54 = 93.158.217.144/30
S55 = 93.158.222.68/30

--- Degree analysis ---
New figure saved in AS50673_17-03-2020_bip_degree_CDFs.pdf
New figure saved in AS50673_17-03-2020_bip_top_local_density.pdf
Maximum top (neighborhood) degree: 650
Maximum bottom (subnet) degree: 650

--- Base cycles ---
New figure saved in AS50673_17-03-2020_bip_cycles.pdf
N27, T4, N63, T24, N65, T26, N71, T5
N63, S11, N71, T26, N65, T24
N63, S12, N71, T26, N65, T24
N63, S13, N71, T26, N65, T24
N63, S14, N71, T26, N65, T24
N63, S15, N71, T26, N65, T24
N63, T23, N64, T25, N71, T26, N65, T24
N77, T28, N80, S24, N101, T29
N77, T28, N80, S28, N101, T29
N77, T28, N80, S29, N101, T29
N77, T28, N80, S30, N101, T29
