--- About the graph ---
Total of vertices (all kinds): 286
Hypothetic vertices: 50 / 286 (17.482517%)
Subnet vertices: 136 / 286 (47.552448%)
Known subnet vertices: 86 / 136 (63.235294%)

--- Subnet mappings ---
S1 = 64.94.189.128/25
S2 = 216.52.95.0/26
S3 = 64.74.245.12/30
S4 = 74.201.131.192/31
S5 = 74.201.138.16/30
S6 = 74.201.150.224/29
S7 = 162.248.95.240/28
S8 = 74.201.136.8/30
S9 = 74.201.136.16/30
S10 = 64.74.240.192/29
S11 = 74.201.164.148/30
S12 = 74.201.136.64/30
S13 = 64.74.240.224/30
S14 = 64.74.245.244/30
S15 = 64.94.164.100/30
S16 = 64.94.177.0/30
S17 = 64.94.177.16/30
S18 = 64.95.46.176/30
S19 = 64.95.46.180/30
S20 = 70.42.41.248/29
S21 = 70.42.45.20/30
S22 = 74.201.139.204/30
S23 = 74.201.152.118/31
S24 = 74.201.164.8/30
S25 = 74.201.179.40/30
S26 = 74.201.195.88/30
S27 = 74.201.198.16/30
S28 = 74.201.254.48/30
S29 = 74.217.50.16/29
S30 = 74.217.55.160/30
S31 = 64.74.243.196/30
S32 = 74.201.136.92/30
S33 = 74.201.136.200/30
S34 = 74.201.254.252/30
S35 = 74.217.54.96/29
S36 = 74.201.137.64/30
S37 = 64.74.240.208/29
S38 = 64.94.190.232/30
S39 = 74.201.138.32/30
S40 = 74.201.138.48/30
S41 = 74.201.254.64/28
S42 = 74.201.254.240/30
S43 = 74.201.138.0/30
S44 = 75.98.62.224/30
S45 = 74.201.138.80/30
S46 = 74.201.254.224/30
S47 = 64.94.177.68/30
S48 = 64.74.242.92/30
S49 = 70.42.41.24/30
S50 = 70.42.45.120/30
S51 = 74.201.254.108/30
S52 = 74.217.49.168/30
S53 = 74.217.49.176/30
S54 = 74.217.50.24/30
S55 = 74.201.152.96/30
S56 = 74.201.254.84/30
S57 = 74.201.254.80/30
S58 = 74.217.51.24/30
S59 = 75.98.40.40/29
S60 = 74.201.129.180/30
S61 = 74.201.129.248/30
S62 = 64.74.252.192/26
S63 = 64.74.254.68/30
S64 = 64.94.177.196/30
S65 = 216.52.93.228/30
S66 = 70.42.39.144/29
S67 = 74.201.136.60/30
S68 = 74.201.138.20/30
S69 = 104.153.107.128/25
S70 = 74.201.136.20/30
S71 = 74.201.136.12/30
S72 = 70.42.47.32/30
S73 = 63.251.17.48/30
S74 = 64.74.240.232/30
S75 = 64.94.177.8/30
S76 = 74.201.164.152/30
S77 = 74.217.51.8/29
S78 = 74.201.138.36/30
S79 = 74.201.138.52/30
S80 = 74.217.49.236/30
S81 = 216.52.90.0/23
S82 = 74.201.138.4/30
S83 = 74.201.138.84/30
S84 = 74.201.136.72/30
S85 = 74.201.254.96/29
S86 = 70.42.41.48/30

--- Top (neighborhood) degrees ---
Degree 1: 116 neighborhoods
Degree 2: 62 neighborhoods
Degree 3: 24 neighborhoods
Degree 4: 15 neighborhoods
Degree 5: N127, N175, N202, N205, N273
Degree 6: N125, N171, N198, N212, N238
Degree 7: N162, N210
Degree 8: N124, N13, N178, N249
Degree 9: N126, N220, N239
Degree 12: N270
Degree 13: N253
Degree 15: N259
Degree 16: N264
Degree 17: N140
Degree 19: N257
Degree 20: N154, N262
Degree 22: N153
Degree 23: N176, N245
Degree 24: N177
Degree 25: N231
Degree 26: N251
Degree 29: N136
Degree 30: N263
Degree 35: N222, N227
Degree 36: N138
Degree 37: N134
Degree 38: N201
Degree 39: N233
Degree 42: N260
Degree 44: N166
Degree 45: N258
Degree 46: N240
Degree 51: N180
Degree 52: N135, N193
Degree 54: N185
Degree 70: N139
Degree 75: N17
Degree 77: N146
Degree 97: N182
Degree 106: N181
Degree 182: N230
Degree 188: N145

--- Bottom (subnet) degrees ---
Degree 1: 1949 subnets
Degree 2: 76 subnets
Degree 3: 64.94.189.128/25, 64.95.46.180/30 (sound), 74.201.152.118/31, 64.74.240.208/29, 74.201.131.192/31, 74.201.254.64/28 (sound), 74.201.136.60/30 (sound), 216.52.90.0/23, 74.201.254.96/29
Degree 7: 216.52.95.0/26 (sound)

--- Base cycles ---
N138, S2, N185, S37
N138, S2, N240, S81
N139, S2, N227, S71, N233, S23 (B), N146, S8
N139, S4 (B), N227, S71, N233, S23 (B), N146, S8
N139, S8, N146, S23 (B), N233, S71, N227, S67
N139, S8, N146, S23 (B), N233, S71, N227, S70, N231, T19, N167, T8, N166, S9
N146, S19, N233, S23 (B)
N240, S82, N245, S85
