--- About the graph ---
Total of vertices (all kinds): 283
Hypothetic vertices: 53 / 283 (18.727915%)
Subnet vertices: 134 / 283 (47.349823%)
Known subnet vertices: 81 / 134 (60.447761%)

--- Subnet mappings ---
S1 = 64.94.189.128/25
S2 = 216.52.95.0/26
S3 = 216.52.95.64/26
S4 = 64.74.245.12/30
S5 = 74.201.131.192/31
S6 = 74.201.138.16/30
S7 = 74.201.150.224/29
S8 = 162.248.95.240/28
S9 = 74.201.136.16/30
S10 = 64.74.240.192/29
S11 = 74.201.136.8/30
S12 = 74.201.136.64/30
S13 = 74.201.164.148/30
S14 = 64.74.243.196/30
S15 = 74.201.136.92/30
S16 = 74.201.136.200/30
S17 = 74.201.254.252/30
S18 = 74.217.54.96/29
S19 = 64.74.240.224/30
S20 = 64.74.245.244/30
S21 = 64.94.177.0/30
S22 = 64.94.177.16/30
S23 = 64.95.46.176/30
S24 = 64.95.46.180/30
S25 = 70.42.41.248/29
S26 = 74.201.138.72/29
S27 = 74.201.139.204/30
S28 = 74.201.164.8/30
S29 = 74.201.179.40/30
S30 = 74.201.195.88/30
S31 = 74.201.198.16/30
S32 = 74.201.254.48/30
S33 = 74.217.50.16/29
S34 = 74.217.55.160/30
S35 = 74.201.137.64/30
S36 = 64.74.240.208/29
S37 = 64.94.190.232/30
S38 = 74.201.138.32/30
S39 = 74.201.254.64/28
S40 = 74.201.254.240/30
S41 = 216.52.93.92/30
S42 = 74.201.138.0/30
S43 = 75.98.62.224/30
S44 = 74.201.138.80/30
S45 = 64.94.177.68/30
S46 = 64.74.242.92/30
S47 = 64.74.242.108/30
S48 = 70.42.41.24/30
S49 = 70.42.45.120/30
S50 = 74.201.254.108/30
S51 = 74.217.49.132/30
S52 = 74.217.49.168/30
S53 = 74.217.49.176/30
S54 = 74.217.50.24/30
S55 = 74.201.152.96/30
S56 = 74.201.254.80/30
S57 = 74.217.51.24/30
S58 = 75.98.40.40/29
S59 = 74.201.129.180/30
S60 = 74.201.129.248/30
S61 = 64.74.252.192/26
S62 = 64.74.254.68/30
S63 = 64.94.177.196/30
S64 = 70.42.39.144/29
S65 = 74.201.138.20/30
S66 = 104.153.107.128/25
S67 = 74.201.136.20/30
S68 = 74.201.136.12/30
S69 = 70.42.47.32/30
S70 = 63.251.17.48/30
S71 = 64.74.240.232/30
S72 = 64.94.177.8/30
S73 = 74.201.164.152/30
S74 = 74.217.51.8/29
S75 = 74.201.138.36/30
S76 = 74.201.138.84/30
S77 = 74.217.49.236/30
S78 = 75.98.62.228/30
S79 = 74.201.138.4/30
S80 = 74.201.136.72/30
S81 = 74.201.254.96/29

--- Top (neighborhood) degrees ---
Degree 1: 123 neighborhoods
Degree 2: 71 neighborhoods
Degree 3: 19 neighborhoods
Degree 4: 18 neighborhoods
Degree 5: N220
Degree 6: N166, N185, N198, N216, N227, N252, N256, N267
Degree 7: N197, N225
Degree 8: N13
Degree 9: N178, N233, N253
Degree 11: N177, N270
Degree 12: N263, N272
Degree 16: N277
Degree 18: N155
Degree 19: N279
Degree 20: N265
Degree 21: N275
Degree 23: N189
Degree 24: N259
Degree 25: N190, N271, N273
Degree 26: N245
Degree 31: N276
Degree 33: N247
Degree 34: N219
Degree 37: N236
Degree 38: N152, N241
Degree 39: N120, N254
Degree 40: N121
Degree 46: N161
Degree 54: N199
Degree 61: N207
Degree 69: N171, N191
Degree 70: N154
Degree 80: N16
Degree 128: N194
Degree 138: N193
Degree 233: N244
Degree 245: N160

--- Bottom (subnet) degrees ---
Degree 1: 2029 subnets
Degree 2: 75 subnets
Degree 3: 64.95.46.180/30 (sound), 64.74.240.208/29, 74.201.254.64/28 (sound), 74.201.131.192/31, 74.201.254.96/29
Degree 6: 216.52.95.0/26 (sound)

--- Base cycles ---
N152, S2, N199, S36
N154, S2, N241, S68, N247, S24, N171, S11
N154, S5 (B), N241, S68, N247, S24, N171, S11
N154, S9, N161, T14, N162, T26, N245, S67, N241, S68, N247, S24, N171, S11
N161, T14, N162, T26, N245, S67, N241, S2, N199, S39
N199, S2, N254, S81, N259, T29, N213, T22, N207, S42
N254, S79, N259, S81
