--- About the graph ---
Total of vertices (all kinds): 289
Hypothetic vertices: 53 / 289 (18.339100%)
Subnet vertices: 139 / 289 (48.096886%)
Known subnet vertices: 86 / 139 (61.870504%)

--- Subnet mappings ---
S1 = 64.94.189.128/25
S2 = 74.201.136.64/30
S3 = 216.52.95.0/26
S4 = 64.74.245.12/30
S5 = 74.201.131.192/31
S6 = 74.201.138.16/30
S7 = 74.201.150.224/29
S8 = 162.248.95.240/28
S9 = 74.201.136.16/30
S10 = 64.74.240.192/29
S11 = 74.201.136.8/30
S12 = 74.201.164.148/30
S13 = 64.94.185.0/25
S14 = 74.201.136.92/30
S15 = 74.201.136.200/30
S16 = 74.201.254.252/30
S17 = 74.217.54.96/29
S18 = 64.74.240.224/30
S19 = 64.74.243.196/30
S20 = 64.74.245.244/30
S21 = 64.94.177.0/30
S22 = 64.94.177.16/30
S23 = 64.95.46.176/30
S24 = 64.95.46.180/30
S25 = 70.42.41.248/29
S26 = 70.42.45.20/30
S27 = 74.201.138.72/29
S28 = 74.201.139.204/30
S29 = 74.201.164.8/30
S30 = 74.201.179.40/30
S31 = 74.201.195.88/30
S32 = 74.201.198.16/30
S33 = 74.201.254.48/30
S34 = 74.217.50.16/29
S35 = 74.217.55.160/30
S36 = 74.201.137.64/30
S37 = 64.74.240.208/29
S38 = 64.94.190.232/30
S39 = 74.201.138.32/30
S40 = 74.201.254.64/28
S41 = 74.201.254.240/30
S42 = 216.52.93.92/30
S43 = 74.201.138.0/30
S44 = 75.98.62.224/30
S45 = 74.201.138.80/30
S46 = 74.201.254.224/30
S47 = 64.94.177.68/30
S48 = 64.74.242.92/30
S49 = 64.74.242.108/30
S50 = 70.42.41.24/30
S51 = 70.42.45.120/30
S52 = 74.201.254.108/30
S53 = 74.217.49.132/30
S54 = 74.217.49.168/30
S55 = 74.217.49.176/30
S56 = 74.217.50.24/30
S57 = 74.201.152.96/30
S58 = 74.201.254.84/30
S59 = 74.201.254.80/30
S60 = 74.217.51.24/30
S61 = 75.98.40.40/29
S62 = 74.201.129.180/30
S63 = 74.201.129.248/30
S64 = 64.74.252.192/26
S65 = 64.74.254.68/30
S66 = 64.94.177.196/30
S67 = 70.42.39.148/30
S68 = 216.52.93.228/30
S69 = 74.201.138.20/30
S70 = 104.153.107.128/25
S71 = 74.201.136.20/30
S72 = 74.201.136.12/30
S73 = 70.42.47.32/30
S74 = 63.251.17.48/30
S75 = 64.74.240.232/30
S76 = 64.94.177.8/30
S77 = 74.201.164.152/30
S78 = 74.217.51.8/29
S79 = 74.201.138.36/30
S80 = 74.201.138.84/30
S81 = 74.217.49.236/30
S82 = 75.98.62.228/30
S83 = 216.52.90.0/23
S84 = 74.201.138.4/30
S85 = 74.201.136.72/30
S86 = 74.201.254.96/29

--- Top (neighborhood) degrees ---
Degree 1: 119 neighborhoods
Degree 2: 72 neighborhoods
Degree 3: 17 neighborhoods
Degree 4: 18 neighborhoods
Degree 5: N179, N206, N208, N249, N276
Degree 6: N130, N133, N151, N172, N202, N215, N245
Degree 7: N213
Degree 8: N11, N178
Degree 9: N223, N246, N273
Degree 14: N270
Degree 16: N140, N164, N266
Degree 18: N259
Degree 19: N163
Degree 21: N264
Degree 23: N176, N261
Degree 24: N253
Degree 26: N177, N238
Degree 31: N265
Degree 32: N240
Degree 34: N226
Degree 36: N205
Degree 37: N138
Degree 40: N146, N234
Degree 42: N247
Degree 46: N260
Degree 51: N262
Degree 57: N186
Degree 59: N194
Degree 69: N139
Degree 70: N180
Degree 77: N156
Degree 78: N15
Degree 131: N181
Degree 133: N182
Degree 190: N145
Degree 205: N237

--- Bottom (subnet) degrees ---
Degree 1: 1911 subnets
Degree 2: 75 subnets
Degree 3: 64.94.185.0/25, 74.201.136.64/30 (sound), 64.95.46.180/30 (sound), 64.74.240.208/29, 74.201.254.64/28 (sound), 74.201.131.192/31, 104.153.107.128/25, 162.248.95.240/28 (sound), 216.52.90.0/23, 74.201.254.96/29
Degree 6: 216.52.95.0/26 (sound)

--- Base cycles ---
N129, T1, N130, T3, N138, S3, N139, S2
N129, T1, N130, T3, N138, S83, N247, S86, N253, T25, N199, T14, N194, S43, N186, S40, N146, S9, N139, S2
N138, S3, N247, S83
N138, S37, N186, S43, N194, T14, N199, T25, N253, S86, N247, S83
N139, S3, N234, S71, N238, T22, N147, T7, N146, S9
N139, S5 (B), N234, S71, N238, T22, N147, T7, N146, S9
N139, S8, N237, S70
N139, S9, N146, T7, N147, T22, N238, S71, N234, S70
N139, S9, N146, T7, N147, T22, N238, S71, N234, S72, N240, S24, N156, S11
N146, T7, N147, T22, N238, S13
N186, S3, N247, S86, N253, T25, N199, T14, N194, S43
N247, S84, N253, S86
