--- About the graph ---
Total of vertices (all kinds): 270
Hypothetic vertices: 45 / 270 (16.666667%)
Subnet vertices: 127 / 270 (47.037037%)
Known subnet vertices: 82 / 127 (64.566929%)

--- Subnet mappings ---
S1 = 216.52.95.0/26
S2 = 64.74.245.12/30
S3 = 74.201.131.192/31
S4 = 74.201.138.16/30
S5 = 74.201.150.224/29
S6 = 162.248.95.240/28
S7 = 74.201.136.16/30
S8 = 64.74.240.192/29
S9 = 74.201.136.8/30
S10 = 74.201.164.148/30
S11 = 74.201.136.64/30
S12 = 64.94.185.0/25
S13 = 74.201.136.92/30
S14 = 74.201.136.200/30
S15 = 74.201.254.252/30
S16 = 74.217.54.96/29
S17 = 64.74.240.224/30
S18 = 64.74.243.196/31
S19 = 64.74.245.244/30
S20 = 64.94.177.0/30
S21 = 64.94.177.16/30
S22 = 64.95.46.176/30
S23 = 64.95.46.180/30
S24 = 70.42.41.248/29
S25 = 74.201.138.72/29
S26 = 74.201.139.204/30
S27 = 74.201.164.8/30
S28 = 74.201.179.40/30
S29 = 74.201.195.88/30
S30 = 74.201.198.16/30
S31 = 74.201.254.48/30
S32 = 74.217.50.16/29
S33 = 74.217.55.160/30
S34 = 74.201.137.64/30
S35 = 64.74.240.208/29
S36 = 64.94.190.232/30
S37 = 74.201.138.32/30
S38 = 74.201.254.64/28
S39 = 74.201.254.240/30
S40 = 216.52.93.92/30
S41 = 74.201.138.0/30
S42 = 75.98.62.224/30
S43 = 74.201.138.80/30
S44 = 64.94.177.68/30
S45 = 64.74.242.92/30
S46 = 64.74.242.108/30
S47 = 70.42.41.24/30
S48 = 70.42.45.120/30
S49 = 74.201.254.108/30
S50 = 74.217.49.132/30
S51 = 74.217.49.168/30
S52 = 74.217.49.176/30
S53 = 74.217.50.24/30
S54 = 74.201.152.96/30
S55 = 74.201.254.84/30
S56 = 74.201.254.80/30
S57 = 74.217.51.24/30
S58 = 75.98.40.40/29
S59 = 74.201.129.180/30
S60 = 74.201.129.248/30
S61 = 64.74.252.192/26
S62 = 64.74.254.68/30
S63 = 64.94.177.196/30
S64 = 70.42.39.144/29
S65 = 74.201.138.20/30
S66 = 104.153.107.0/24
S67 = 74.201.136.20/30
S68 = 74.201.136.12/30
S69 = 70.42.47.32/30
S70 = 63.251.17.48/30
S71 = 64.74.240.232/30
S72 = 64.94.177.8/30
S73 = 74.201.164.152/30
S74 = 74.217.51.8/29
S75 = 74.201.138.36/30
S76 = 74.201.138.84/30
S77 = 75.98.62.228/30
S78 = 74.217.49.236/30
S79 = 74.201.138.4/30
S80 = 74.201.136.72/30
S81 = 74.201.254.96/29
S82 = 64.94.189.128/25

--- Top (neighborhood) degrees ---
Degree 1: 89 neighborhoods
Degree 2: 66 neighborhoods
Degree 3: 17 neighborhoods
Degree 4: 18 neighborhoods
Degree 5: N166, N168, N189, N206, N225
Degree 6: N113, N133, N162, N175, N202
Degree 8: N11, N139, N173
Degree 9: N181, N203
Degree 12: N224
Degree 13: N228
Degree 14: N222, N230
Degree 16: N235
Degree 17: N102
Degree 21: N137, N233
Degree 22: N126, N138
Degree 23: N214
Degree 24: N125, N210
Degree 25: N195
Degree 31: N184, N234
Degree 32: N197
Degree 36: N165
Degree 39: N108, N99
Degree 40: N204
Degree 41: N192
Degree 49: N229
Degree 50: N231
Degree 56: N146
Degree 58: N87
Degree 60: N86
Degree 62: N154
Degree 64: N141
Degree 71: N101
Degree 73: N118
Degree 78: N15
Degree 130: N142
Degree 132: N143
Degree 278: N107
Degree 287: N194

--- Bottom (subnet) degrees ---
Degree 1: 2180 subnets
Degree 2: 74 subnets
Degree 3: 64.94.185.0/25, 64.95.46.180/30 (sound), 74.201.131.192/31, 64.74.240.208/29, 74.201.254.64/28 (sound), 162.248.95.240/28 (sound), 74.201.254.96/29
Degree 7: 216.52.95.0/26 (sound)

--- Base cycles ---
N101, S1, N192, S68, N197, S23, N118, S9
N101, S3 (B), N192, S68, N197, S23, N118, S9
N101, S6, N194, S66, N192, S68, N197, S23, N118, S9
N101, S7, N108, T2, N109, T16, N195, S67, N192, S68, N197, S23, N118, S9
N108, T2, N109, T16, N195, S12
N108, T2, N109, T16, N195, S67, N192, S1, N146, S38
N146, S1, N204, S81, N210, T19, N159, T9, N154, S41
N204, S79, N210, S81
N99, S1, N146, S35
