--- About the graph ---
Total of vertices (all kinds): 282
Hypothetic vertices: 67 / 282 (23.758865%)
Subnet vertices: 139 / 282 (49.290780%)
Known subnet vertices: 72 / 139 (51.798561%)

--- Subnet mappings ---
S1 = 134.222.48.232/31
S2 = 134.222.48.222/31
S3 = 134.222.48.246/31
S4 = 134.222.48.192/31
S5 = 134.222.95.68/30
S6 = 134.222.95.128/25
S7 = 134.222.129.196/30
S8 = 134.222.101.14/31
S9 = 134.222.112.32/28
S10 = 134.222.116.224/31
S11 = 134.222.117.4/31
S12 = 134.222.117.36/31
S13 = 134.222.117.128/31
S14 = 134.222.134.194/31
S15 = 134.222.128.8/30
S16 = 134.222.148.140/31
S17 = 194.122.122.156/30
S18 = 134.222.48.244/31
S19 = 134.222.48.212/31
S20 = 134.222.94.212/30
S21 = 134.222.94.240/31
S22 = 194.122.122.24/30
S23 = 134.222.117.132/31
S24 = 134.222.134.152/31
S25 = 134.222.48.120/31
S26 = 134.222.49.86/31
S27 = 134.222.160.0/21
S28 = 194.122.122.40/30
S29 = 134.222.48.156/31
S30 = 134.222.48.174/31
S31 = 134.222.48.158/31
S32 = 194.122.122.44/30
S33 = 134.222.119.24/31
S34 = 194.122.122.60/30
S35 = 194.122.122.68/30
S36 = 134.222.48.122/31
S37 = 134.222.48.200/31
S38 = 134.222.48.106/31
S39 = 134.222.117.224/31
S40 = 134.222.48.194/31
S41 = 134.222.116.194/31
S42 = 134.222.117.38/31
S43 = 134.222.117.130/31
S44 = 134.222.117.188/31
S45 = 134.222.138.144/28
S46 = 134.222.139.0/24
S47 = 134.222.49.56/31
S48 = 134.222.48.204/30
S49 = 134.222.96.250/31
S50 = 134.222.152.100/31
S51 = 134.222.109.82/31
S52 = 134.222.146.254/31
S53 = 134.222.153.70/31
S54 = 194.122.122.80/30
S55 = 194.122.122.96/30
S56 = 134.222.48.230/31
S57 = 134.222.96.192/27
S58 = 134.222.153.248/31
S59 = 134.222.153.252/31
S60 = 134.222.155.238/31
S61 = 134.222.48.216/31
S62 = 134.222.49.108/31
S63 = 134.222.49.48/31
S64 = 134.222.236.0/29
S65 = 194.122.122.108/30
S66 = 194.122.122.112/30
S67 = 134.222.48.68/31
S68 = 134.222.105.196/30
S69 = 194.122.122.132/30
S70 = 134.222.48.108/31
S71 = 134.222.48.112/31
S72 = 194.122.122.140/30

--- Top (neighborhood) degrees ---
Degree 1: N1, N11, N13, N2, N3, N5, N6, N8, N9
Degree 2: 61 neighborhoods
Degree 3: 17 neighborhoods
Degree 4: N125, N140, N15, N21, N50, N62, N76, N80
Degree 5: 11 neighborhoods
Degree 6: N142, N149, N153, N155, N22, N4, N67, N95
Degree 7: N104, N114, N148, N156, N45, N71
Degree 8: N119, N12, N154, N52, N83, N99
Degree 9: N144, N60, N64, N75, N86
Degree 10: N120, N151
Degree 11: N92
Degree 13: N43
Degree 14: N46, N54, N85
Degree 15: N152, N38, N93
Degree 17: N109
Degree 20: N65
Degree 21: N72, N81
Degree 22: N47, N87
Degree 23: N34
Degree 24: N35
Degree 28: N130
Degree 30: N107
Degree 36: N143
Degree 48: N124
Degree 51: N145
Degree 57: N122
Degree 69: N14

--- Bottom (subnet) degrees ---
Degree 1: 767 subnets
Degree 2: 48 subnets
Degree 3: 21 subnets
Degree 4: 134.222.48.222/31, 134.222.48.120/31, 134.222.160.0/21

--- Base cycles ---
N113, S51 (B), N153, S52 (B)
N122, S56, N124, S57
N14, S1 (B), N122, S55, N121, T33
N14, T20, N43, S6, N64, T26
N14, T26, N64, S17, N107, S37, N93, S38, N113, S52 (B), N153, S70, N152, S69, N151, T36
N14, T26, N64, S17, N65, S47 (B), N108, S40 (B), N97, S25 (B), N72, S22, N71, T27
N14, T26, N64, S17, N65, S47 (B), N108, S40 (B), N97, S36, N93, S38, N113, S52 (B), N153, S70, N152, S69, N151, T36
N14, T26, N64, S2 (B), N124, S57, N122, S55, N121, T33
N14, T28, N80, S28, N81, S29 (B), N87, S30 (B), N84, S31 (B), N145, S66, N144, T35
N14, T29, N86, S32, N87, S30 (B), N84, S31 (B), N145, S66, N144, T35
N14, T31, N92, S35, N93, S38, N113, S52 (B), N153, S70, N152, S69, N151, T36
N35, S2 (B), N64, S17, N65, S47 (B), N108, S40 (B), N104, S45, N38, S4
N35, S2 (B), N64, S17, N65, S47 (B), N108, S40 (B), N104, S46
N64, S17, N107, S48
N65, S17, N107, S47 (B)
N72, S25 (B), N99, S41 (B)
N72, S41 (B), N99, S42 (B)
N72, S41 (B), N99, S43 (B)
N72, S41 (B), N99, S44 (B)
N75, S25 (B), N97, S39 (B)
N75, S25 (B), N97, S40 (B), N108, S26 (B)
N83, S29 (B), N87, S30 (B)
