--- About the graph ---
Total of vertices (all kinds): 268
Hypothetic vertices: 53 / 268 (19.776119%)
Subnet vertices: 124 / 268 (46.268657%)
Known subnet vertices: 71 / 124 (57.258065%)

--- Subnet mappings ---
S1 = 216.52.95.0/26
S2 = 64.74.245.12/30
S3 = 74.201.131.192/31
S4 = 74.201.138.16/30
S5 = 74.201.150.224/30
S6 = 162.248.95.240/28
S7 = 74.201.136.8/30
S8 = 74.201.136.16/30
S9 = 64.74.240.192/29
S10 = 74.201.164.148/30
S11 = 74.201.136.64/30
S12 = 64.74.240.224/30
S13 = 64.74.245.244/30
S14 = 64.94.177.0/30
S15 = 64.94.177.16/30
S16 = 64.95.46.176/30
S17 = 64.95.46.180/30
S18 = 70.42.41.248/29
S19 = 74.201.138.72/29
S20 = 74.201.139.204/30
S21 = 74.201.164.8/30
S22 = 74.201.179.40/30
S23 = 74.201.195.88/30
S24 = 74.201.198.16/30
S25 = 74.201.254.48/28
S26 = 74.217.50.16/29
S27 = 74.217.55.160/30
S28 = 64.74.243.196/30
S29 = 74.201.136.92/30
S30 = 74.201.136.200/30
S31 = 74.201.254.252/30
S32 = 74.217.54.96/29
S33 = 74.201.137.64/30
S34 = 64.74.240.208/29
S35 = 64.94.190.232/30
S36 = 74.201.138.0/30
S37 = 75.98.62.224/30
S38 = 64.74.242.92/30
S39 = 74.201.138.80/30
S40 = 70.42.41.24/30
S41 = 70.42.45.120/30
S42 = 74.201.254.108/30
S43 = 74.217.49.168/30
S44 = 74.217.49.176/30
S45 = 74.217.50.24/30
S46 = 74.201.152.96/30
S47 = 74.217.51.24/30
S48 = 75.98.40.40/29
S49 = 64.74.254.68/30
S50 = 74.201.129.180/30
S51 = 74.201.129.248/30
S52 = 64.94.177.196/30
S53 = 70.42.39.144/29
S54 = 74.201.138.20/30
S55 = 104.153.107.0/24
S56 = 74.201.136.20/30
S57 = 74.201.136.12/30
S58 = 70.42.47.32/30
S59 = 63.251.17.48/30
S60 = 64.74.240.232/30
S61 = 64.94.177.8/30
S62 = 74.201.164.152/30
S63 = 74.217.51.8/29
S64 = 75.98.62.228/30
S65 = 74.201.138.4/30
S66 = 74.201.138.84/30
S67 = 74.201.136.72/30
S68 = 74.201.254.96/29
S69 = 70.42.41.48/30
S70 = 64.74.252.192/26
S71 = 64.94.189.128/25

--- Top (neighborhood) degrees ---
Degree 1: 113 neighborhoods
Degree 2: 62 neighborhoods
Degree 3: 21 neighborhoods
Degree 4: 18 neighborhoods
Degree 5: N126, N198, N206
Degree 6: N110, N171, N194, N227
Degree 7: N109, N130, N131, N162, N235, N251
Degree 8: N15, N176, N202
Degree 9: N129, N204, N228
Degree 11: N254
Degree 12: N256
Degree 14: N155
Degree 15: N261
Degree 16: N154
Degree 17: N124, N141
Degree 18: N265
Degree 19: N250, N259
Degree 23: N123, N231
Degree 24: N209
Degree 26: N220
Degree 30: N260
Degree 36: N255
Degree 37: N217, N222
Degree 38: N138
Degree 39: N197
Degree 40: N229
Degree 43: N257
Degree 44: N166
Degree 48: N188
Degree 55: N183
Degree 65: N178
Degree 68: N140
Degree 74: N147
Degree 78: N19
Degree 124: N179
Degree 128: N180
Degree 240: N146
Degree 242: N219

--- Bottom (subnet) degrees ---
Degree 1: 1967 subnets
Degree 2: 65 subnets
Degree 3: 64.95.46.180/30 (sound), 74.201.254.48/28, 64.74.240.208/29, 104.153.107.0/24 (sound), 74.201.254.96/29
Degree 6: 216.52.95.0/26 (sound)

--- Base cycles ---
N138, S1, N183, S34
N140, S1, N217, S56, N220, T21, N167, T11, N166, S8
N140, S6, N146, S55, N217, S56, N220, T21, N167, T11, N166, S8
N140, S7, N147, S17, N222, S57, N217, S56, N220, T21, N167, T11, N166, S8
N140, S8, N166, T11, N167, T21, N220, S56, N217, S57, N222, S17, N147, S25
N183, S1, N229, S68, N231, T24, N192, T16, N188, S36
N229, S65, N231, S68
