--- About the graph ---
Total of vertices (all kinds): 321
Hypothetic vertices: 80 / 321 (24.922118%)
Subnet vertices: 159 / 321 (49.532710%)
Known subnet vertices: 79 / 159 (49.685535%)

--- Subnet mappings ---
S1 = 45.13.59.6/31
S2 = 45.13.59.140/30
S3 = 45.13.59.216/29
S4 = 93.158.217.74/31
S5 = 93.158.217.232/30
S6 = 45.13.59.224/29
S7 = 46.249.55.194/31
S8 = 5.178.67.0/29
S9 = 5.255.64.208/28
S10 = 5.255.66.224/28
S11 = 5.255.80.0/28
S12 = 5.255.82.20/31
S13 = 31.186.174.32/29
S14 = 31.186.174.46/31
S15 = 31.186.174.80/28
S16 = 46.249.36.40/30
S17 = 46.249.45.60/30
S18 = 91.195.81.40/30
S19 = 91.195.81.104/29
S20 = 93.158.201.128/29
S21 = 93.158.201.176/28
S22 = 93.158.217.184/30
S23 = 146.185.253.0/29
S24 = 146.185.253.8/30
S25 = 88.218.132.0/29
S26 = 5.255.66.200/29
S27 = 46.243.152.0/23
S28 = 46.243.155.72/29
S29 = 46.243.155.128/26
S30 = 46.243.191.0/24
S31 = 185.145.24.0/22
S32 = 188.72.68.0/22
S33 = 188.120.32.0/24
S34 = 188.120.33.0/25
S35 = 188.120.35.160/29
S36 = 188.120.46.0/24
S37 = 188.120.47.176/29
S38 = 188.120.47.184/29
S39 = 188.120.47.0/26
S40 = 188.120.35.136/29
S41 = 46.243.188.0/23
S42 = 188.120.44.0/24
S43 = 5.255.95.74/31
S44 = 46.249.63.240/30
S45 = 185.53.163.134/31
S46 = 185.8.177.34/31
S47 = 185.8.177.46/31
S48 = 5.255.95.96/28
S49 = 91.221.69.160/28
S50 = 178.21.17.160/27
S51 = 185.8.176.0/26
S52 = 185.53.160.192/27
S53 = 185.116.166.0/27
S54 = 185.181.165.200/31
S55 = 46.249.60.206/31
S56 = 45.141.247.128/25
S57 = 185.53.160.128/29
S58 = 5.178.67.24/30
S59 = 93.158.217.88/30
S60 = 178.21.16.78/31
S61 = 5.255.85.176/28
S62 = 46.249.47.20/31
S63 = 93.158.217.144/28
S64 = 93.158.222.68/30
S65 = 178.21.23.224/29
S66 = 185.12.13.64/27
S67 = 5.255.95.72/31
S68 = 185.8.177.32/31
S69 = 185.53.163.40/31
S70 = 185.8.177.44/31
S71 = 46.249.38.14/31
S72 = 46.249.60.202/31
S73 = 103.196.240.0/26
S74 = 185.53.162.224/27
S75 = 193.32.168.0/31
S76 = 46.249.55.204/31
S77 = 46.249.55.212/30
S78 = 93.158.217.96/31
S79 = 46.249.55.192/31

--- Top (neighborhood) degrees ---
Degree 1: 11 neighborhoods
Degree 2: 76 neighborhoods
Degree 3: 15 neighborhoods
Degree 4: 11 neighborhoods
Degree 5: N159, N42, N47, N58, N68
Degree 6: N120, N125, N145, N15, N26
Degree 7: N109, N119, N129, N138, N40, N61
Degree 8: N171, N35
Degree 9: N115, N162, N43, N49
Degree 10: N100, N106, N118, N25, N44, N46
Degree 11: N150, N48
Degree 12: N133
Degree 13: N124, N30
Degree 14: N63
Degree 15: N160
Degree 19: N128, N52
Degree 21: N126, N31
Degree 22: N131
Degree 23: N21
Degree 26: N10
Degree 34: N102
Degree 41: N134, N154, N155
Degree 54: N152, N153
Degree 66: N156
Degree 72: N169
Degree 74: N14
Degree 75: N34
Degree 88: N149
Degree 90: N108
Degree 122: N65
Degree 292: N164
Degree 337: N20
Degree 344: N158
Degree 349: N117
Degree 574: N140
Degree 593: N33

--- Bottom (subnet) degrees ---
Degree 1: 3672 subnets
Degree 2: 45 subnets
Degree 3: 27 subnets
Degree 4: 5.255.66.224/28 (sound), 46.249.36.40/30 (sound), 5.178.67.24/30 (sound)
Degree 5: 5.255.80.0/28, 185.145.24.0/22 (sound)
Degree 6: 46.243.152.0/23 (sound)
Degree 11: 188.72.68.0/22 (sound)

--- Base cycles ---
N14, T8, N164, S58
N14, T8, N164, S77
N20, S1 (B), N134, T39, N33, T15, N34, T42, N140, S5
N20, S2, N134, T39, N33, T15, N34, T42, N140, S5
N20, S5, N140, T42, N34, T15, N33, T14
N20, S5, N140, T42, N34, T15, N33, T39, N134, S59
N20, S5, N140, T42, N34, T15, N33, T39, N134, S6
N20, S5, N140, T42, N34, T15, N33, T39, N134, T34, N25, T10
N20, S5, N140, T42, N34, T15, N33, T39, N134, T35, N30, T11
N20, S5, N140, T42, N34, T15, N33, T39, N134, T36, N31, T12
N20, S5, N140, T42, N34, T15, N33, T39, N134, T37
N33, S10, N140, T42, N34, T15
N33, S12 (B), N140, T42, N34, T15
N33, S9, N140, T42, N34, T15
N33, T15, N34, T42, N140, S16
N33, T15, N34, T42, N140, S17
N33, T15, N34, T42, N140, S18
N33, T15, N34, T42, N140, S19
N33, T15, N34, T42, N140, S20
N33, T15, N34, T42, N140, S21
N33, T15, N34, T42, N140, S65
N33, T15, N34, T42, N140, T38, N134, T39
N65, S37, N100, S41, N102, S39
