--- About the graph ---
Total of vertices (all kinds): 277
Hypothetic vertices: 71 / 277 (25.631769%)
Subnet vertices: 136 / 277 (49.097473%)
Known subnet vertices: 65 / 136 (47.794118%)

--- Subnet mappings ---
S1 = 134.222.48.232/31
S2 = 134.222.48.222/31
S3 = 134.222.48.246/31
S4 = 134.222.48.192/31
S5 = 134.222.95.68/30
S6 = 134.222.95.128/25
S7 = 134.222.129.196/30
S8 = 134.222.101.14/31
S9 = 134.222.109.80/28
S10 = 134.222.146.254/31
S11 = 134.222.112.32/28
S12 = 134.222.117.4/31
S13 = 134.222.117.36/31
S14 = 134.222.117.128/31
S15 = 134.222.134.194/31
S16 = 134.222.119.24/31
S17 = 134.222.128.8/30
S18 = 134.222.148.140/31
S19 = 194.122.122.156/30
S20 = 134.222.48.244/31
S21 = 134.222.48.212/31
S22 = 134.222.94.212/30
S23 = 134.222.94.240/31
S24 = 194.122.122.24/30
S25 = 134.222.134.152/31
S26 = 134.222.48.120/31
S27 = 134.222.49.86/31
S28 = 134.222.160.0/21
S29 = 194.122.122.40/30
S30 = 134.222.48.156/31
S31 = 134.222.48.174/31
S32 = 134.222.48.158/31
S33 = 134.222.48.68/31
S34 = 194.122.122.60/30
S35 = 194.122.122.68/30
S36 = 134.222.48.114/31
S37 = 134.222.48.122/31
S38 = 134.222.48.200/31
S39 = 134.222.117.224/31
S40 = 134.222.48.194/31
S41 = 134.222.116.194/31
S42 = 134.222.117.38/31
S43 = 134.222.117.130/31
S44 = 134.222.117.188/31
S45 = 134.222.138.144/28
S46 = 134.222.139.64/26
S47 = 134.222.49.56/31
S48 = 134.222.48.204/30
S49 = 134.222.96.250/31
S50 = 134.222.152.100/31
S51 = 134.222.153.70/31
S52 = 194.122.122.96/30
S53 = 134.222.48.230/31
S54 = 134.222.96.192/27
S55 = 134.222.153.248/31
S56 = 134.222.153.252/31
S57 = 134.222.155.238/31
S58 = 134.222.48.216/31
S59 = 134.222.49.108/31
S60 = 134.222.49.48/31
S61 = 134.222.236.0/29
S62 = 194.122.122.108/30
S63 = 194.122.122.132/30
S64 = 194.122.122.140/30
S65 = 194.122.122.144/30

--- Top (neighborhood) degrees ---
Degree 1: N1, N11, N12, N2, N4, N5, N7, N8
Degree 2: 63 neighborhoods
Degree 3: 16 neighborhoods
Degree 4: N10, N120, N131, N145, N17, N19, N73, N77, N86, N90
Degree 5: 11 neighborhoods
Degree 6: N107, N147, N151, N153, N25, N52, N59, N78, N82
Degree 7: N116, N24, N30, N58
Degree 8: N105, N111, N62, N71, N92, N98
Degree 9: N38, N75, N85
Degree 10: N149
Degree 11: N103, N150
Degree 13: N50, N53
Degree 15: N64
Degree 16: N104, N45, N76
Degree 17: N121
Degree 18: N69
Degree 20: N83, N91
Degree 21: N41
Degree 25: N42
Degree 28: N136
Degree 30: N119
Degree 36: N148
Degree 39: N54
Degree 49: N130
Degree 55: N128
Degree 62: N94
Degree 79: N15

--- Bottom (subnet) degrees ---
Degree 1: 757 subnets
Degree 2: 43 subnets
Degree 3: 19 subnets
Degree 4: 134.222.48.222/31, 134.222.48.120/31, 134.222.160.0/21

--- Base cycles ---
N104, S37, N109, S40 (B), N120, S47 (B), N119, S38
N128, S53, N130, S54
N15, S1 (B), N128, S52, N127, T38
N15, T26, N50, S6, N75, S2 (B), N130, S54, N128, S52, N127, T38
N15, T28, N58, S9, N103, S35, N104, S37, N109, S40 (B), N120, S47 (B), N119, S48, N75, S2 (B), N130, S54, N128, S52, N127, T38
N15, T33, N75, S2 (B), N130, S54, N128, S52, N127, T38
N15, T34, N82, S24, N83, S26 (B), N109, S40 (B), N120, S47 (B), N119, S48, N75, S2 (B), N130, S54, N128, S52, N127, T38
N15, T37, N103, S35, N104, S37, N109, S40 (B), N120, S47 (B), N119, S48, N75, S2 (B), N130, S54, N128, S52, N127, T38
N41, S1 (B), N128, S54, N130, S2 (B)
N42, S2 (B), N75, S48, N119, S47 (B), N120, S40 (B), N116, S45, N45, S4
N42, S2 (B), N75, S48, N119, S47 (B), N120, S40 (B), N116, S46
N69, S30 (B), N92, S31 (B)
N75, S19, N119, S48
N76, S19, N119, S47 (B)
N83, S26 (B), N111, S41 (B)
N83, S26 (B), N111, S42 (B)
N83, S26 (B), N111, S43 (B)
N83, S26 (B), N111, S44 (B)
N85, S26 (B), N109, S39 (B)
N85, S27 (B), N120, S40 (B), N109, S39 (B)
